-16384
-16383
-16382
-16381
-16380
-16379
-16378
-16376
-16375
-16374
-16373
-16372
-16371
-16370
-16369
-16368
-16364
-16363
-16362
-16361
-16360
-16359
-16358
-16357
-16356
-16355
-16324
-16323
-16322
-16321
-16320
-16319
-16318
-16313
-16312
-16311
-16310
-16309
-16308
-16307
-16306
-16305
-16303
-16276
-16275
-16274
-16273
-16272
-16271
-16270
-16269
-16268
-16263
-16262
-16261
-16260
-16259
-16258
-16257
-16256
-16255
-16254
-16253
-16223
-16222
-16221
-16220
-16219
-16218
-16217
-16214
-16212
-16211
-16210
-16209
-16208
-16207
-16206
-16205
-16204
-16202
-16173
-16172
-16171
-16170
-16169
-16168
-16167
-16166
-16161
-16160
-16159
-16158
-16157
-16156
-16155
-16154
-16123
-16122
-16121
-16120
-16119
-16118
-16117
-16116
-16115
-16110
-16109
-16108
-16107
-16106
-16105
-16104
-16103
-16102
-16072
-16071
-16070
-16069
-16068
-16067
-16066
-16064
-16061
-16060
-16059
-16058
-16057
-16056
-16055
-16054
-16053
-16052
-16023
-16022
-16021
-16020
-16019
-16018
-16017
-16016
-16015
-16014
-16010
-16009
-16008
-16007
-16006
-16005
-16004
-16003
-16002
-16001
-15971
-15970
-15969
-15968
-15967
-15966
-15965
-15964
-15959
-15958
-15957
-15956
-15955
-15954
-15953
-15952
-15951
-15922
-15921
-15920
-15919
-15918
-15917
-15916
-15915
-15914
-15913
-15909
-15908
-15907
-15906
-15905
-15904
-15903
-15902
-15901
-15870
-15869
-15868
-15867
-15866
-15865
-15864
-15858
-15857
-15856
-15855
-15854
-15853
-15852
-15851
-15821
-15820
-15819
-15818
-15817
-15816
-15815
-15814
-15813
-15812
-15811
-15810
-15807
-15806
-15805
-15804
-15803
-15802
-15801
-15769
-15768
-15767
-15766
-15765
-15764
-15763
-15762
-15761
-15758
-15757
-15756
-15755
-15754
-15753
-15752
-15751
-15750
-15749
-15719
-15718
-15717
-15716
-15715
-15714
-15713
-15712
-15706
-15705
-15704
-15703
-15702
-15701
-15700
-15668
-15667
-15666
-15665
-15664
-15663
-15662
-15661
-15660
-15657
-15655
-15654
-15653
-15652
-15651
-15650
-15649
-15618
-15617
-15616
-15615
-15614
-15613
-15611
-15609
-15606
-15605
-15604
-15603
-15602
-15601
-15600
-15599
-15598
-15596
-15569
-15568
-15567
-15566
-15565
-15564
-15563
-15562
-15561
-15560
-15556
-15555
-15554
-15553
-15552
-15551
-15550
-15549
-15548
-15519
-15517
-15516
-15515
-15514
-15513
-15512
-15511
-15510
-15509
-15505
-15504
-15503
-15502
-15501
-15500
-15499
-15498
-15495
-15466
-15465
-15464
-15463
-15462
-15461
-15460
-15459
-15458
-15453
-15452
-15451
-15450
-15449
-15448
-15447
-15446
-15416
-15415
-15414
-15413
-15412
-15411
-15410
-15407
-15404
-15403
-15402
-15401
-15400
-15399
-15398
-15397
-15396
-15366
-15365
-15364
-15363
-15362
-15361
-15360
-15359
-15353
-15352
-15351
-15350
-15349
-15348
-15347
-15346
-15345
-15315
-15314
-15313
-15312
-15311
-15310
-15309
-15308
-15303
-15302
-15301
-15300
-15299
-15298
-15297
-15296
-15295
-15265
-15264
-15263
-15262
-15261
-15260
-15259
-15258
-15257
-15253
-15252
-15251
-15250
-15249
-15248
-15247
-15246
-15245
-15244
-15213
-15212
-15211
-15210
-15209
-15208
-15207
-15206
-15205
-15202
-15201
-15200
-15199
-15198
-15197
-15196
-15195
-15194
-15163
-15162
-15161
-15160
-15159
-15158
-15157
-15152
-15151
-15150
-15149
-15148
-15147
-15146
-15145
-15144
-15142
-15115
-15114
-15113
-15112
-15111
-15110
-15109
-15108
-15107
-15106
-15105
-15104
-15101
-15100
-15099
-15098
-15097
-15096
-15095
-15094
-15093
-15061
-15060
-15059
-15058
-15057
-15056
-15051
-15050
-15049
-15048
-15047
-15046
-15045
-15044
-15043
-15014
-15013
-15012
-15011
-15010
-15009
-15008
-15007
-15006
-15005
-15004
-15001
-15000
-14999
-14998
-14997
-14996
-14995
-14994
-14993
-14992
-14962
-14961
-14960
-14959
-14958
-14957
-14956
-14955
-14954
-14949
-14948
-14947
-14946
-14945
-14944
-14943
-14942
-14941
-14911
-14910
-14909
-14908
-14907
-14906
-14905
-14904
-14899
-14898
-14897
-14896
-14895
-14894
-14893
-14892
-14860
-14859
-14858
-14857
-14856
-14855
-14854
-14849
-14848
-14847
-14846
-14845
-14844
-14843
-14842
-14841
-14840
-14810
-14809
-14808
-14807
-14806
-14805
-14804
-14799
-14798
-14797
-14796
-14795
-14794
-14793
-14792
-14791
-14790
-14789
-14761
-14760
-14759
-14758
-14757
-14756
-14755
-14754
-14753
-14752
-14748
-14747
-14746
-14745
-14744
-14743
-14742
-14741
-14740
-14739
-14738
-14708
-14707
-14706
-14705
-14704
-14703
-14702
-14700
-14697
-14696
-14695
-14694
-14693
-14692
-14691
-14690
-14689
-14659
-14658
-14657
-14656
-14655
-14654
-14653
-14652
-14646
-14645
-14644
-14643
-14642
-14641
-14640
-14639
-14608
-14607
-14606
-14605
-14604
-14603
-14602
-14601
-14600
-14597
-14596
-14595
-14594
-14593
-14592
-14591
-14590
-14589
-14587
-14557
-14556
-14555
-14554
-14553
-14552
-14551
-14550
-14548
-14546
-14545
-14544
-14543
-14542
-14541
-14540
-14539
-14538
-14509
-14508
-14507
-14506
-14505
-14504
-14503
-14502
-14501
-14500
-14499
-14495
-14493
-14492
-14491
-14490
-14489
-14488
-14486
-14457
-14456
-14455
-14454
-14453
-14452
-14451
-14450
-14449
-14448
-14443
-14442
-14441
-14440
-14439
-14438
-14437
-14407
-14406
-14405
-14404
-14403
-14402
-14401
-14400
-14398
-14393
-14392
-14391
-14390
-14389
-14388
-14387
-14386
-14356
-14355
-14354
-14353
-14352
-14351
-14350
-14349
-14348
-14342
-14341
-14340
-14339
-14338
-14337
-14336
-14335
-14305
-14304
-14303
-14302
-14301
-14300
-14299
-14298
-14293
-14292
-14291
-14290
-14289
-14288
-14287
-14286
-14285
-14255
-14254
-14253
-14252
-14251
-14250
-14249
-14248
-14247
-14243
-14241
-14240
-14239
-14238
-14237
-14236
-14235
-14234
-14205
-14204
-14203
-14202
-14201
-14200
-14199
-14198
-14197
-14196
-14193
-14192
-14191
-14190
-14189
-14188
-14187
-14186
-14185
-14184
-14154
-14153
-14152
-14151
-14150
-14149
-14148
-14147
-14146
-14144
-14142
-14141
-14140
-14139
-14138
-14137
-14136
-14135
-14134
-14133
-14103
-14102
-14101
-14100
-14099
-14098
-14097
-14095
-14091
-14090
-14089
-14088
-14087
-14086
-14085
-14084
-14083
-14054
-14053
-14052
-14051
-14050
-14049
-14048
-14047
-14046
-14042
-14041
-14040
-14039
-14038
-14037
-14036
-14035
-14034
-14033
-14003
-14002
-14001
-14000
-13999
-13998
-13997
-13996
-13995
-13990
-13989
-13988
-13987
-13986
-13985
-13984
-13983
-13982
-13951
-13950
-13949
-13948
-13947
-13946
-13945
-13944
-13943
-13940
-13939
-13938
-13937
-13936
-13935
-13934
-13933
-13932
-13930
-13929
-13901
-13900
-13899
-13898
-13897
-13896
-13895
-13890
-13889
-13888
-13887
-13886
-13885
-13884
-13883
-13882
-13851
-13850
-13849
-13848
-13847
-13846
-13845
-13844
-13843
-13840
-13839
-13838
-13837
-13836
-13835
-13834
-13833
-13832
-13831
-13801
-13800
-13799
-13798
-13797
-13796
-13795
-13794
-13788
-13787
-13786
-13785
-13784
-13783
-13782
-13781
-13780
-13750
-13749
-13748
-13747
-13746
-13745
-13744
-13743
-13742
-13739
-13738
-13737
-13736
-13735
-13734
-13733
-13732
-13731
-13730
-13729
-13699
-13698
-13697
-13696
-13695
-13694
-13693
-13692
-13687
-13686
-13685
-13684
-13683
-13682
-13681
-13680
-13679
-13650
-13648
-13647
-13646
-13645
-13644
-13643
-13642
-13641
-13637
-13636
-13635
-13634
-13633
-13632
-13631
-13630
-13629
-13628
-13599
-13598
-13597
-13596
-13595
-13594
-13593
-13592
-13591
-13590
-13589
-13586
-13585
-13584
-13583
-13582
-13581
-13580
-13579
-13578
-13549
-13548
-13547
-13546
-13545
-13544
-13543
-13542
-13541
-13538
-13537
-13535
-13534
-13533
-13532
-13531
-13530
-13529
-13528
-13527
-13499
-13496
-13495
-13494
-13493
-13492
-13491
-13490
-13485
-13484
-13483
-13482
-13481
-13480
-13479
-13478
-13477
-13476
-13447
-13446
-13445
-13444
-13443
-13442
-13441
-13440
-13439
-13435
-13434
-13433
-13432
-13431
-13430
-13429
-13428
-13427
-13426
-13397
-13396
-13395
-13394
-13393
-13392
-13391
-13390
-13389
-13388
-13385
-13383
-13382
-13381
-13380
-13379
-13378
-13377
-13376
-13346
-13345
-13344
-13343
-13342
-13341
-13340
-13339
-13338
-13335
-13333
-13332
-13331
-13330
-13329
-13328
-13327
-13326
-13325
-13296
-13294
-13293
-13292
-13291
-13290
-13289
-13288
-13282
-13281
-13280
-13279
-13278
-13277
-13276
-13275
-13246
-13245
-13244
-13243
-13242
-13241
-13240
-13239
-13238
-13237
-13233
-13232
-13231
-13230
-13229
-13228
-13227
-13226
-13225
-13195
-13194
-13193
-13192
-13191
-13190
-13189
-13188
-13187
-13186
-13182
-13181
-13180
-13179
-13178
-13177
-13176
-13175
-13174
-13173
-13143
-13142
-13141
-13140
-13139
-13138
-13137
-13136
-13132
-13131
-13130
-13129
-13128
-13127
-13126
-13125
-13123
-13095
-13094
-13093
-13092
-13091
-13090
-13089
-13088
-13087
-13085
-13081
-13080
-13079
-13078
-13077
-13076
-13075
-13074
-13073
-13042
-13041
-13040
-13039
-13038
-13037
-13036
-13031
-13030
-13029
-13028
-13027
-13026
-13025
-13024
-13023
-13020
-12993
-12991
-12990
-12989
-12988
-12987
-12986
-12985
-12980
-12979
-12978
-12977
-12976
-12975
-12974
-12973
-12972
-12942
-12941
-12940
-12939
-12938
-12937
-12936
-12935
-12929
-12928
-12927
-12926
-12925
-12924
-12923
-12921
-12891
-12890
-12889
-12888
-12887
-12886
-12885
-12880
-12879
-12878
-12877
-12876
-12875
-12874
-12873
-12872
-12842
-12840
-12839
-12838
-12837
-12836
-12835
-12834
-12829
-12828
-12827
-12826
-12825
-12824
-12823
-12822
-12821
-12820
-12790
-12789
-12788
-12787
-12786
-12785
-12784
-12783
-12782
-12778
-12777
-12776
-12775
-12774
-12773
-12772
-12771
-12770
-12740
-12739
-12738
-12737
-12736
-12735
-12734
-12733
-12730
-12728
-12727
-12726
-12725
-12724
-12723
-12722
-12721
-12720
-12691
-12689
-12688
-12687
-12686
-12685
-12684
-12683
-12682
-12677
-12676
-12675
-12674
-12673
-12672
-12671
-12670
-12669
-12640
-12639
-12638
-12637
-12636
-12635
-12634
-12633
-12632
-12626
-12625
-12624
-12623
-12622
-12621
-12620
-12619
-12618
-12588
-12587
-12586
-12585
-12584
-12583
-12582
-12581
-12577
-12575
-12574
-12573
-12572
-12571
-12570
-12569
-12539
-12538
-12537
-12536
-12535
-12534
-12533
-12532
-12530
-12529
-12526
-12525
-12524
-12523
-12522
-12521
-12520
-12519
-12518
-12517
-12489
-12488
-12487
-12486
-12485
-12484
-12483
-12482
-12481
-12480
-12479
-12475
-12474
-12473
-12472
-12471
-12470
-12469
-12468
-12437
-12436
-12435
-12434
-12433
-12432
-12431
-12430
-12425
-12424
-12423
-12422
-12421
-12420
-12419
-12418
-12417
-12415
-12387
-12386
-12385
-12384
-12383
-12382
-12381
-12380
-12379
-12375
-12374
-12373
-12372
-12371
-12370
-12369
-12368
-12367
-12336
-12335
-12334
-12333
-12332
-12331
-12330
-12329
-12328
-12324
-12323
-12322
-12321
-12320
-12319
-12318
-12317
-12316
-12315
-12314
-12285
-12284
-12283
-12282
-12281
-12280
-12279
-12278
-12274
-12273
-12272
-12271
-12270
-12269
-12268
-12267
-12266
-12265
-12235
-12234
-12233
-12232
-12231
-12230
-12229
-12228
-12222
-12221
-12220
-12219
-12218
-12217
-12216
-12215
-12185
-12184
-12183
-12182
-12181
-12180
-12179
-12178
-12173
-12172
-12171
-12170
-12169
-12168
-12167
-12166
-12165
-12164
-12134
-12133
-12132
-12131
-12130
-12129
-12128
-12127
-12126
-12123
-12122
-12121
-12120
-12119
-12118
-12117
-12116
-12115
-12114
-12085
-12083
-12082
-12081
-12080
-12079
-12078
-12077
-12076
-12072
-12071
-12070
-12069
-12068
-12067
-12066
-12065
-12064
-12034
-12033
-12032
-12031
-12030
-12029
-12028
-12027
-12020
-12019
-12018
-12017
-12016
-12015
-12014
-12013
-11983
-11982
-11981
-11980
-11979
-11978
-11977
-11976
-11975
-11970
-11969
-11968
-11967
-11966
-11965
-11964
-11963
-11961
-11934
-11932
-11931
-11930
-11929
-11928
-11927
-11926
-11925
-11921
-11920
-11919
-11918
-11917
-11916
-11915
-11914
-11913
-11912
-11883
-11881
-11880
-11879
-11878
-11877
-11876
-11875
-11874
-11869
-11868
-11867
-11866
-11865
-11864
-11863
-11862
-11860
-11832
-11831
-11830
-11829
-11828
-11827
-11826
-11825
-11824
-11819
-11818
-11817
-11816
-11815
-11814
-11813
-11812
-11811
-11810
-11783
-11782
-11780
-11779
-11778
-11777
-11776
-11775
-11774
-11773
-11772
-11769
-11768
-11767
-11766
-11765
-11764
-11763
-11762
-11761
-11760
-11759
-11730
-11729
-11728
-11727
-11726
-11725
-11724
-11723
-11718
-11717
-11716
-11715
-11714
-11713
-11712
-11711
-11710
-11681
-11680
-11679
-11678
-11677
-11676
-11675
-11674
-11673
-11672
-11671
-11667
-11666
-11665
-11664
-11663
-11662
-11661
-11660
-11630
-11629
-11628
-11627
-11626
-11625
-11624
-11623
-11622
-11618
-11617
-11616
-11615
-11614
-11613
-11612
-11611
-11610
-11609
-11579
-11578
-11577
-11576
-11575
-11574
-11573
-11572
-11571
-11566
-11565
-11564
-11563
-11562
-11561
-11560
-11559
-11558
-11529
-11528
-11527
-11526
-11525
-11524
-11523
-11522
-11521
-11517
-11516
-11515
-11514
-11513
-11512
-11511
-11510
-11509
-11508
-11507
-11478
-11477
-11476
-11475
-11474
-11473
-11472
-11471
-11469
-11466
-11465
-11464
-11463
-11462
-11461
-11460
-11459
-11458
-11427
-11426
-11425
-11424
-11423
-11422
-11421
-11420
-11415
-11414
-11413
-11412
-11411
-11410
-11409
-11408
-11377
-11376
-11375
-11374
-11373
-11372
-11371
-11370
-11369
-11368
-11365
-11364
-11363
-11362
-11361
-11360
-11359
-11358
-11357
-11326
-11325
-11324
-11323
-11322
-11321
-11320
-11319
-11316
-11313
-11312
-11311
-11310
-11309
-11308
-11307
-11306
-11276
-11275
-11274
-11273
-11272
-11271
-11270
-11269
-11268
-11267
-11263
-11262
-11261
-11260
-11259
-11258
-11257
-11256
-11254
-11226
-11225
-11224
-11223
-11222
-11221
-11220
-11219
-11218
-11217
-11214
-11213
-11212
-11211
-11210
-11209
-11208
-11207
-11206
-11175
-11174
-11173
-11172
-11171
-11170
-11169
-11168
-11167
-11163
-11162
-11161
-11160
-11159
-11158
-11157
-11156
-11155
-11154
-11125
-11124
-11123
-11122
-11121
-11120
-11119
-11118
-11117
-11116
-11113
-11111
-11110
-11109
-11108
-11107
-11106
-11105
-11104
-11075
-11074
-11073
-11072
-11071
-11070
-11069
-11068
-11067
-11066
-11062
-11061
-11060
-11059
-11058
-11057
-11056
-11055
-11054
-11053
-11023
-11022
-11021
-11020
-11019
-11018
-11017
-11016
-11014
-11013
-11011
-11010
-11009
-11008
-11007
-11006
-11005
-11004
-11003
-10974
-10973
-10972
-10971
-10970
-10969
-10968
-10967
-10966
-10965
-10961
-10960
-10959
-10958
-10957
-10956
-10955
-10954
-10953
-10923
-10922
-10921
-10920
-10919
-10918
-10917
-10916
-10915
-10911
-10910
-10909
-10908
-10907
-10906
-10905
-10904
-10903
-10902
-10871
-10870
-10869
-10868
-10867
-10866
-10865
-10861
-10859
-10858
-10857
-10856
-10855
-10854
-10853
-10852
-10822
-10821
-10820
-10819
-10818
-10817
-10816
-10815
-10814
-10813
-10809
-10808
-10807
-10806
-10805
-10804
-10803
-10802
-10800
-10771
-10770
-10769
-10768
-10767
-10766
-10765
-10764
-10763
-10760
-10758
-10757
-10756
-10755
-10754
-10753
-10752
-10751
-10720
-10719
-10718
-10717
-10716
-10715
-10714
-10713
-10710
-10708
-10707
-10706
-10705
-10704
-10703
-10702
-10701
-10700
-10671
-10670
-10669
-10668
-10667
-10666
-10665
-10664
-10663
-10662
-10658
-10657
-10656
-10655
-10654
-10653
-10652
-10651
-10650
-10648
-10620
-10619
-10618
-10617
-10616
-10615
-10614
-10613
-10612
-10607
-10606
-10605
-10604
-10603
-10602
-10601
-10600
-10599
-10569
-10568
-10567
-10566
-10565
-10564
-10563
-10562
-10561
-10560
-10557
-10556
-10555
-10554
-10553
-10552
-10551
-10550
-10549
-10548
-10521
-10519
-10518
-10517
-10516
-10515
-10514
-10513
-10512
-10511
-10510
-10508
-10506
-10505
-10504
-10503
-10502
-10501
-10500
-10499
-10498
-10497
-10470
-10469
-10468
-10467
-10466
-10465
-10464
-10463
-10462
-10461
-10459
-10457
-10456
-10455
-10454
-10453
-10452
-10451
-10450
-10449
-10448
-10447
-10446
-10419
-10418
-10416
-10415
-10414
-10413
-10412
-10411
-10410
-10409
-10408
-10405
-10404
-10403
-10402
-10401
-10400
-10399
-10398
-10395
-10367
-10366
-10365
-10364
-10363
-10362
-10361
-10360
-10359
-10355
-10354
-10353
-10352
-10351
-10350
-10349
-10348
-10347
-10346
-10317
-10316
-10315
-10314
-10313
-10312
-10311
-10310
-10309
-10307
-10305
-10304
-10303
-10302
-10301
-10300
-10299
-10298
-10297
-10296
-10266
-10265
-10264
-10263
-10262
-10261
-10260
-10259
-10255
-10253
-10252
-10251
-10250
-10249
-10248
-10247
-10246
-10216
-10215
-10214
-10213
-10212
-10211
-10210
-10209
-10208
-10207
-10204
-10203
-10202
-10201
-10200
-10199
-10198
-10197
-10196
-10195
-10166
-10165
-10164
-10163
-10162
-10161
-10160
-10159
-10158
-10154
-10153
-10151
-10150
-10149
-10148
-10147
-10146
-10145
-10143
-10115
-10114
-10113
-10112
-10111
-10110
-10109
-10108
-10107
-10106
-10103
-10102
-10101
-10100
-10099
-10098
-10097
-10096
-10095
-10094
-10064
-10063
-10062
-10061
-10060
-10059
-10058
-10053
-10052
-10051
-10050
-10049
-10048
-10047
-10046
-10045
-10044
-10015
-10013
-10012
-10011
-10010
-10009
-10008
-10007
-10006
-10005
-10002
-10001
-10000
-9999
-9998
-9997
-9996
-9995
-9994
-9993
-9965
-9964
-9963
-9962
-9961
-9960
-9959
-9958
-9957
-9956
-9950
-9949
-9948
-9947
-9946
-9945
-9944
-9943
-9942
-9913
-9912
-9911
-9910
-9909
-9908
-9907
-9906
-9905
-9901
-9900
-9899
-9898
-9897
-9896
-9895
-9894
-9893
-9892
-9891
-9863
-9862
-9861
-9860
-9859
-9858
-9857
-9856
-9855
-9854
-9852
-9850
-9849
-9848
-9847
-9846
-9845
-9844
-9843
-9842
-9841
-9813
-9812
-9811
-9810
-9809
-9808
-9807
-9806
-9805
-9803
-9800
-9799
-9798
-9797
-9796
-9795
-9794
-9793
-9792
-9791
-9790
-9762
-9761
-9760
-9759
-9758
-9757
-9756
-9755
-9754
-9753
-9750
-9749
-9748
-9747
-9746
-9745
-9744
-9743
-9742
-9741
-9712
-9711
-9710
-9709
-9708
-9707
-9706
-9705
-9704
-9703
-9702
-9698
-9697
-9696
-9695
-9694
-9693
-9692
-9691
-9690
-9660
-9659
-9658
-9657
-9656
-9655
-9654
-9653
-9650
-9648
-9647
-9646
-9645
-9644
-9643
-9642
-9641
-9640
-9639
-9610
-9609
-9608
-9607
-9606
-9605
-9604
-9603
-9602
-9597
-9596
-9595
-9594
-9593
-9592
-9591
-9590
-9589
-9560
-9559
-9558
-9557
-9556
-9555
-9554
-9553
-9552
-9548
-9547
-9546
-9545
-9544
-9543
-9542
-9541
-9540
-9539
-9538
-9511
-9509
-9508
-9507
-9506
-9505
-9504
-9503
-9502
-9501
-9499
-9497
-9496
-9495
-9494
-9493
-9492
-9491
-9490
-9489
-9488
-9459
-9458
-9457
-9456
-9455
-9454
-9453
-9452
-9451
-9446
-9445
-9444
-9443
-9442
-9441
-9440
-9439
-9438
-9437
-9408
-9407
-9406
-9405
-9404
-9403
-9402
-9401
-9400
-9399
-9395
-9394
-9393
-9392
-9391
-9390
-9389
-9388
-9387
-9386
-9358
-9357
-9356
-9355
-9354
-9353
-9352
-9351
-9350
-9349
-9347
-9346
-9345
-9344
-9343
-9342
-9341
-9340
-9339
-9338
-9337
-9308
-9307
-9306
-9305
-9304
-9303
-9302
-9301
-9300
-9298
-9296
-9295
-9294
-9293
-9292
-9291
-9290
-9289
-9288
-9287
-9286
-9257
-9256
-9255
-9254
-9253
-9252
-9251
-9250
-9249
-9248
-9244
-9243
-9242
-9241
-9240
-9239
-9238
-9237
-9236
-9235
-9209
-9206
-9205
-9204
-9203
-9202
-9201
-9200
-9199
-9198
-9197
-9194
-9193
-9192
-9191
-9190
-9189
-9188
-9187
-9186
-9157
-9156
-9155
-9154
-9153
-9152
-9151
-9150
-9149
-9148
-9147
-9146
-9145
-9143
-9142
-9141
-9140
-9139
-9138
-9137
-9136
-9135
-9134
-9106
-9105
-9104
-9103
-9102
-9101
-9100
-9099
-9098
-9097
-9096
-9093
-9092
-9091
-9090
-9089
-9088
-9087
-9086
-9085
-9083
-9055
-9054
-9053
-9052
-9051
-9050
-9049
-9048
-9047
-9043
-9042
-9041
-9040
-9039
-9038
-9037
-9036
-9035
-9034
-9033
-9005
-9004
-9003
-9002
-9001
-9000
-8999
-8998
-8997
-8995
-8991
-8990
-8989
-8988
-8987
-8986
-8985
-8984
-8982
-8954
-8953
-8952
-8951
-8950
-8949
-8948
-8947
-8946
-8945
-8941
-8940
-8939
-8938
-8937
-8936
-8935
-8934
-8933
-8903
-8902
-8901
-8900
-8899
-8898
-8897
-8896
-8895
-8894
-8891
-8890
-8889
-8888
-8887
-8886
-8885
-8884
-8883
-8882
-8854
-8853
-8852
-8851
-8850
-8849
-8848
-8847
-8846
-8845
-8844
-8841
-8839
-8838
-8837
-8836
-8835
-8834
-8833
-8832
-8802
-8801
-8800
-8799
-8798
-8797
-8796
-8795
-8790
-8789
-8788
-8787
-8786
-8785
-8784
-8783
-8782
-8753
-8752
-8751
-8750
-8749
-8748
-8747
-8746
-8745
-8744
-8743
-8739
-8738
-8737
-8736
-8735
-8734
-8733
-8732
-8731
-8702
-8701
-8700
-8699
-8698
-8697
-8696
-8695
-8694
-8693
-8689
-8688
-8687
-8686
-8685
-8684
-8683
-8682
-8681
-8680
-8679
-8651
-8650
-8649
-8648
-8647
-8646
-8645
-8644
-8643
-8642
-8639
-8638
-8637
-8636
-8635
-8634
-8633
-8632
-8631
-8630
-8629
-8600
-8599
-8598
-8597
-8596
-8595
-8594
-8593
-8592
-8589
-8588
-8587
-8586
-8585
-8584
-8583
-8582
-8581
-8580
-8579
-8549
-8548
-8547
-8546
-8545
-8544
-8543
-8542
-8540
-8538
-8537
-8536
-8535
-8534
-8533
-8532
-8531
-8530
-8529
-8528
-8527
-8500
-8499
-8498
-8497
-8496
-8495
-8494
-8493
-8492
-8491
-8487
-8486
-8485
-8484
-8483
-8482
-8481
-8480
-8479
-8478
-8449
-8448
-8447
-8446
-8445
-8444
-8443
-8442
-8441
-8440
-8438
-8436
-8435
-8434
-8433
-8432
-8431
-8430
-8429
-8428
-8427
-8398
-8397
-8396
-8395
-8394
-8393
-8392
-8391
-8390
-8388
-8386
-8385
-8384
-8383
-8382
-8381
-8380
-8379
-8378
-8377
-8350
-8349
-8348
-8347
-8346
-8345
-8344
-8343
-8342
-8341
-8340
-8339
-8337
-8336
-8335
-8334
-8333
-8332
-8331
-8330
-8329
-8328
-8327
-8299
-8298
-8297
-8296
-8295
-8294
-8293
-8292
-8291
-8290
-8289
-8285
-8284
-8283
-8282
-8281
-8280
-8279
-8278
-8277
-8274
-8247
-8246
-8245
-8244
-8243
-8242
-8241
-8240
-8239
-8238
-8235
-8234
-8233
-8232
-8231
-8230
-8229
-8228
-8227
-8225
-8198
-8196
-8195
-8194
-8193
-8192
-8191
-8190
-8189
-8188
-8184
-8183
-8182
-8181
-8180
-8179
-8178
-8177
-8176
-8175
-8146
-8145
-8144
-8143
-8142
-8141
-8140
-8139
-8138
-8137
-8134
-8133
-8132
-8131
-8130
-8129
-8128
-8127
-8126
-8125
-8095
-8094
-8093
-8092
-8091
-8090
-8089
-8088
-8087
-8083
-8082
-8081
-8080
-8079
-8078
-8077
-8076
-8075
-8074
-8073
-8046
-8044
-8043
-8042
-8041
-8040
-8039
-8038
-8037
-8036
-8033
-8032
-8031
-8030
-8029
-8028
-8027
-8026
-8025
-8024
-8023
-7994
-7993
-7992
-7991
-7990
-7989
-7988
-7987
-7986
-7985
-7983
-7982
-7981
-7980
-7979
-7978
-7977
-7976
-7975
-7974
-7945
-7944
-7943
-7942
-7941
-7940
-7939
-7938
-7937
-7936
-7932
-7931
-7930
-7929
-7928
-7927
-7926
-7925
-7924
-7923
-7894
-7893
-7892
-7891
-7890
-7889
-7888
-7887
-7886
-7885
-7881
-7880
-7879
-7878
-7877
-7876
-7875
-7874
-7873
-7843
-7842
-7841
-7840
-7839
-7838
-7837
-7836
-7835
-7834
-7830
-7829
-7828
-7827
-7826
-7825
-7824
-7823
-7822
-7821
-7793
-7792
-7791
-7790
-7789
-7788
-7787
-7786
-7785
-7784
-7781
-7780
-7779
-7778
-7777
-7776
-7775
-7774
-7773
-7772
-7771
-7770
-7743
-7742
-7741
-7740
-7739
-7738
-7737
-7736
-7735
-7734
-7733
-7730
-7729
-7728
-7727
-7726
-7725
-7724
-7723
-7722
-7721
-7692
-7691
-7690
-7689
-7688
-7687
-7686
-7685
-7684
-7679
-7678
-7677
-7676
-7675
-7674
-7673
-7672
-7671
-7670
-7641
-7640
-7639
-7638
-7637
-7636
-7635
-7634
-7633
-7629
-7628
-7627
-7626
-7625
-7624
-7623
-7622
-7621
-7618
-7591
-7590
-7589
-7588
-7587
-7586
-7585
-7584
-7583
-7582
-7579
-7578
-7577
-7576
-7575
-7574
-7573
-7572
-7571
-7570
-7569
-7539
-7538
-7537
-7536
-7535
-7534
-7533
-7532
-7531
-7527
-7526
-7525
-7524
-7523
-7522
-7521
-7520
-7519
-7518
-7490
-7489
-7488
-7487
-7486
-7485
-7484
-7483
-7482
-7481
-7478
-7477
-7476
-7475
-7474
-7473
-7472
-7471
-7470
-7469
-7468
-7439
-7438
-7437
-7436
-7435
-7434
-7433
-7432
-7431
-7430
-7427
-7426
-7425
-7424
-7423
-7422
-7421
-7420
-7419
-7418
-7417
-7389
-7388
-7387
-7386
-7385
-7384
-7383
-7382
-7381
-7380
-7377
-7376
-7375
-7374
-7373
-7372
-7371
-7370
-7369
-7368
-7339
-7338
-7337
-7336
-7335
-7334
-7333
-7332
-7331
-7330
-7329
-7327
-7325
-7324
-7323
-7322
-7321
-7320
-7319
-7318
-7317
-7316
-7287
-7286
-7285
-7284
-7283
-7282
-7281
-7280
-7277
-7276
-7275
-7274
-7273
-7272
-7271
-7270
-7269
-7268
-7267
-7266
-7265
-7237
-7236
-7235
-7234
-7233
-7232
-7231
-7230
-7229
-7227
-7224
-7223
-7222
-7221
-7220
-7219
-7218
-7217
-7215
-7188
-7186
-7185
-7184
-7183
-7182
-7181
-7180
-7179
-7178
-7175
-7174
-7173
-7172
-7171
-7170
-7169
-7168
-7167
-7166
-7137
-7136
-7135
-7134
-7133
-7132
-7131
-7130
-7129
-7128
-7124
-7123
-7122
-7121
-7120
-7119
-7118
-7117
-7116
-7115
-7113
-7086
-7085
-7084
-7083
-7082
-7081
-7080
-7079
-7078
-7075
-7073
-7072
-7071
-7070
-7069
-7068
-7067
-7066
-7065
-7064
-7063
-7036
-7035
-7034
-7033
-7032
-7031
-7030
-7029
-7028
-7027
-7023
-7022
-7021
-7020
-7019
-7018
-7017
-7016
-7015
-7014
-6986
-6985
-6984
-6983
-6982
-6981
-6980
-6979
-6978
-6977
-6975
-6972
-6971
-6970
-6969
-6968
-6967
-6966
-6965
-6964
-6963
-6961
-6934
-6933
-6932
-6931
-6930
-6929
-6928
-6927
-6926
-6924
-6922
-6921
-6920
-6919
-6918
-6917
-6916
-6915
-6914
-6913
-6887
-6883
-6882
-6881
-6880
-6879
-6878
-6877
-6876
-6875
-6873
-6872
-6871
-6870
-6869
-6868
-6867
-6866
-6865
-6864
-6863
-6834
-6833
-6832
-6831
-6830
-6829
-6828
-6827
-6826
-6825
-6821
-6820
-6819
-6818
-6817
-6816
-6815
-6814
-6813
-6812
-6811
-6782
-6781
-6780
-6779
-6778
-6777
-6776
-6775
-6773
-6771
-6769
-6768
-6767
-6766
-6765
-6764
-6763
-6762
-6734
-6733
-6732
-6731
-6730
-6729
-6728
-6727
-6726
-6725
-6724
-6723
-6721
-6720
-6719
-6718
-6717
-6716
-6715
-6714
-6713
-6712
-6711
-6682
-6681
-6680
-6679
-6678
-6677
-6676
-6675
-6674
-6673
-6669
-6668
-6667
-6666
-6665
-6664
-6663
-6662
-6661
-6660
-6632
-6631
-6630
-6629
-6628
-6627
-6626
-6625
-6624
-6623
-6618
-6617
-6616
-6615
-6614
-6613
-6612
-6611
-6610
-6582
-6581
-6580
-6579
-6578
-6577
-6576
-6575
-6574
-6573
-6572
-6571
-6570
-6568
-6567
-6566
-6565
-6564
-6563
-6562
-6561
-6559
-6531
-6530
-6529
-6528
-6527
-6526
-6525
-6524
-6523
-6522
-6521
-6518
-6517
-6516
-6515
-6514
-6513
-6512
-6511
-6510
-6509
-6508
-6480
-6479
-6478
-6477
-6476
-6475
-6474
-6473
-6472
-6471
-6469
-6467
-6466
-6465
-6464
-6463
-6462
-6461
-6460
-6459
-6458
-6457
-6429
-6428
-6427
-6426
-6425
-6424
-6423
-6422
-6421
-6418
-6417
-6416
-6415
-6414
-6413
-6412
-6411
-6410
-6409
-6408
-6407
-6380
-6379
-6378
-6377
-6376
-6375
-6374
-6373
-6372
-6371
-6370
-6367
-6366
-6365
-6364
-6363
-6362
-6361
-6360
-6359
-6358
-6357
-6330
-6328
-6327
-6326
-6325
-6324
-6323
-6322
-6321
-6320
-6319
-6317
-6316
-6315
-6314
-6313
-6312
-6311
-6310
-6309
-6308
-6307
-6279
-6278
-6277
-6276
-6275
-6274
-6273
-6272
-6271
-6270
-6269
-6266
-6265
-6264
-6263
-6262
-6261
-6260
-6259
-6258
-6257
-6256
-6229
-6228
-6227
-6226
-6225
-6224
-6223
-6222
-6221
-6220
-6219
-6215
-6214
-6213
-6212
-6211
-6210
-6209
-6208
-6207
-6206
-6179
-6177
-6176
-6175
-6174
-6173
-6172
-6171
-6170
-6169
-6168
-6165
-6164
-6163
-6162
-6161
-6160
-6159
-6158
-6157
-6156
-6155
-6126
-6125
-6124
-6123
-6122
-6121
-6120
-6119
-6118
-6114
-6113
-6112
-6111
-6110
-6109
-6108
-6107
-6106
-6105
-6076
-6075
-6074
-6073
-6072
-6071
-6070
-6069
-6068
-6067
-6064
-6063
-6062
-6061
-6060
-6059
-6058
-6057
-6056
-6055
-6054
-6025
-6024
-6023
-6022
-6021
-6020
-6019
-6018
-6017
-6013
-6012
-6011
-6010
-6009
-6008
-6007
-6006
-6005
-6004
-5976
-5975
-5974
-5973
-5972
-5971
-5970
-5969
-5968
-5967
-5966
-5963
-5962
-5961
-5960
-5959
-5958
-5957
-5956
-5955
-5954
-5953
-5926
-5924
-5923
-5922
-5921
-5920
-5919
-5918
-5917
-5916
-5915
-5912
-5911
-5910
-5909
-5908
-5907
-5906
-5905
-5904
-5903
-5902
-5875
-5874
-5873
-5872
-5871
-5870
-5869
-5868
-5867
-5866
-5865
-5862
-5861
-5860
-5859
-5858
-5857
-5856
-5855
-5854
-5853
-5852
-5824
-5823
-5822
-5821
-5820
-5819
-5818
-5817
-5816
-5815
-5814
-5813
-5811
-5810
-5809
-5808
-5807
-5806
-5805
-5804
-5803
-5802
-5774
-5773
-5772
-5771
-5770
-5769
-5768
-5767
-5766
-5765
-5764
-5762
-5760
-5759
-5758
-5757
-5756
-5755
-5754
-5753
-5752
-5751
-5723
-5722
-5721
-5720
-5719
-5718
-5717
-5716
-5715
-5714
-5711
-5710
-5709
-5708
-5707
-5706
-5705
-5704
-5703
-5702
-5701
-5700
-5673
-5672
-5671
-5670
-5669
-5668
-5667
-5666
-5665
-5664
-5663
-5661
-5660
-5659
-5658
-5657
-5656
-5655
-5654
-5653
-5652
-5651
-5622
-5621
-5620
-5619
-5618
-5617
-5616
-5615
-5614
-5613
-5610
-5609
-5608
-5607
-5606
-5605
-5604
-5603
-5602
-5601
-5600
-5598
-5572
-5571
-5570
-5569
-5568
-5567
-5566
-5565
-5564
-5563
-5560
-5559
-5558
-5557
-5556
-5555
-5554
-5553
-5552
-5551
-5550
-5549
-5521
-5520
-5519
-5518
-5517
-5516
-5515
-5514
-5513
-5512
-5511
-5508
-5507
-5506
-5505
-5504
-5503
-5502
-5501
-5500
-5499
-5470
-5469
-5468
-5467
-5466
-5465
-5464
-5463
-5462
-5461
-5460
-5459
-5458
-5457
-5456
-5455
-5454
-5453
-5452
-5451
-5450
-5449
-5448
-5446
-5421
-5420
-5419
-5418
-5417
-5416
-5415
-5414
-5413
-5412
-5411
-5408
-5407
-5406
-5405
-5404
-5403
-5402
-5401
-5400
-5399
-5398
-5397
-5370
-5369
-5368
-5367
-5366
-5365
-5364
-5363
-5362
-5361
-5360
-5358
-5357
-5356
-5355
-5354
-5353
-5352
-5351
-5350
-5349
-5348
-5345
-5321
-5320
-5319
-5318
-5317
-5316
-5315
-5314
-5313
-5312
-5311
-5310
-5309
-5308
-5307
-5306
-5305
-5304
-5303
-5302
-5301
-5300
-5299
-5298
-5297
-5269
-5268
-5267
-5266
-5265
-5264
-5263
-5262
-5261
-5260
-5259
-5256
-5255
-5254
-5253
-5252
-5251
-5250
-5249
-5248
-5247
-5246
-5245
-5220
-5218
-5217
-5216
-5215
-5214
-5213
-5212
-5211
-5210
-5209
-5207
-5205
-5204
-5203
-5202
-5201
-5200
-5199
-5198
-5197
-5196
-5168
-5167
-5166
-5165
-5164
-5163
-5162
-5161
-5160
-5159
-5158
-5155
-5154
-5153
-5152
-5151
-5150
-5149
-5148
-5147
-5146
-5145
-5118
-5117
-5116
-5115
-5114
-5113
-5112
-5111
-5110
-5109
-5108
-5107
-5106
-5104
-5103
-5102
-5101
-5100
-5099
-5098
-5097
-5096
-5095
-5068
-5067
-5066
-5065
-5064
-5063
-5062
-5061
-5060
-5059
-5058
-5057
-5055
-5054
-5053
-5052
-5051
-5050
-5049
-5048
-5047
-5046
-5045
-5044
-5043
-5017
-5016
-5015
-5014
-5013
-5012
-5011
-5010
-5009
-5008
-5007
-5004
-5003
-5002
-5001
-5000
-4999
-4998
-4997
-4996
-4995
-4994
-4966
-4965
-4964
-4963
-4962
-4961
-4960
-4959
-4958
-4957
-4956
-4955
-4954
-4953
-4952
-4951
-4950
-4949
-4948
-4947
-4946
-4945
-4944
-4943
-4916
-4915
-4914
-4913
-4912
-4911
-4910
-4909
-4908
-4907
-4906
-4905
-4904
-4903
-4902
-4901
-4900
-4899
-4898
-4897
-4896
-4895
-4894
-4893
-4865
-4864
-4863
-4862
-4861
-4860
-4859
-4858
-4857
-4856
-4855
-4854
-4852
-4851
-4850
-4849
-4848
-4847
-4846
-4845
-4844
-4843
-4814
-4813
-4812
-4811
-4810
-4809
-4808
-4807
-4806
-4805
-4804
-4802
-4801
-4800
-4799
-4798
-4797
-4796
-4795
-4794
-4793
-4792
-4791
-4765
-4764
-4763
-4762
-4761
-4760
-4759
-4758
-4757
-4756
-4755
-4754
-4751
-4750
-4749
-4748
-4747
-4746
-4745
-4744
-4743
-4742
-4741
-4740
-4715
-4714
-4713
-4712
-4711
-4710
-4709
-4708
-4707
-4706
-4705
-4704
-4701
-4700
-4699
-4698
-4697
-4696
-4695
-4694
-4693
-4692
-4691
-4690
-4664
-4663
-4662
-4661
-4660
-4659
-4658
-4657
-4656
-4655
-4654
-4653
-4651
-4650
-4649
-4648
-4647
-4646
-4645
-4644
-4643
-4642
-4641
-4640
-4639
-4613
-4612
-4611
-4610
-4609
-4608
-4607
-4606
-4605
-4604
-4603
-4602
-4601
-4600
-4599
-4598
-4597
-4596
-4595
-4594
-4593
-4592
-4591
-4590
-4589
-4588
-4563
-4562
-4561
-4560
-4559
-4558
-4557
-4556
-4555
-4554
-4553
-4552
-4550
-4549
-4548
-4547
-4546
-4545
-4544
-4543
-4542
-4541
-4540
-4539
-4511
-4510
-4509
-4508
-4507
-4506
-4505
-4504
-4503
-4502
-4501
-4500
-4499
-4498
-4497
-4496
-4495
-4494
-4493
-4492
-4491
-4490
-4489
-4488
-4462
-4461
-4460
-4459
-4458
-4457
-4456
-4455
-4454
-4453
-4452
-4451
-4450
-4448
-4447
-4446
-4445
-4444
-4443
-4442
-4441
-4440
-4439
-4438
-4411
-4410
-4409
-4408
-4407
-4406
-4405
-4404
-4403
-4402
-4401
-4400
-4398
-4397
-4396
-4395
-4394
-4393
-4392
-4391
-4390
-4389
-4388
-4387
-4360
-4359
-4358
-4357
-4356
-4355
-4354
-4353
-4352
-4351
-4350
-4348
-4347
-4346
-4345
-4344
-4343
-4342
-4341
-4340
-4339
-4338
-4337
-4336
-4310
-4309
-4308
-4307
-4306
-4305
-4304
-4303
-4302
-4301
-4300
-4297
-4296
-4295
-4294
-4293
-4292
-4291
-4290
-4289
-4288
-4287
-4260
-4259
-4258
-4257
-4256
-4255
-4254
-4253
-4252
-4251
-4250
-4249
-4248
-4246
-4245
-4244
-4243
-4242
-4241
-4240
-4239
-4238
-4237
-4236
-4209
-4208
-4207
-4206
-4205
-4204
-4203
-4202
-4201
-4200
-4199
-4196
-4195
-4194
-4193
-4192
-4191
-4190
-4189
-4188
-4187
-4186
-4158
-4157
-4156
-4155
-4154
-4153
-4152
-4151
-4150
-4149
-4148
-4146
-4145
-4144
-4143
-4142
-4141
-4140
-4139
-4138
-4137
-4136
-4108
-4107
-4106
-4105
-4104
-4103
-4102
-4101
-4100
-4099
-4098
-4097
-4096
-4095
-4094
-4093
-4092
-4091
-4090
-4089
-4088
-4087
-4086
-4085
-4084
-4057
-4056
-4055
-4054
-4053
-4052
-4051
-4050
-4049
-4048
-4047
-4046
-4044
-4043
-4042
-4041
-4040
-4039
-4038
-4037
-4036
-4035
-4007
-4006
-4005
-4004
-4003
-4002
-4001
-4000
-3999
-3998
-3997
-3994
-3993
-3992
-3991
-3990
-3989
-3988
-3987
-3986
-3985
-3984
-3956
-3955
-3954
-3953
-3952
-3951
-3950
-3949
-3948
-3947
-3946
-3944
-3943
-3942
-3941
-3940
-3939
-3938
-3937
-3936
-3935
-3934
-3933
-3906
-3905
-3904
-3903
-3902
-3901
-3900
-3899
-3898
-3897
-3896
-3895
-3894
-3893
-3892
-3891
-3890
-3889
-3888
-3887
-3886
-3885
-3884
-3883
-3858
-3855
-3854
-3853
-3852
-3851
-3850
-3849
-3848
-3847
-3846
-3845
-3843
-3842
-3841
-3840
-3839
-3838
-3837
-3836
-3835
-3834
-3833
-3832
-3805
-3804
-3803
-3802
-3801
-3800
-3799
-3798
-3797
-3796
-3795
-3794
-3792
-3791
-3790
-3789
-3788
-3787
-3786
-3785
-3784
-3783
-3782
-3754
-3753
-3752
-3751
-3750
-3749
-3748
-3747
-3746
-3745
-3744
-3743
-3742
-3741
-3740
-3739
-3738
-3737
-3736
-3735
-3734
-3733
-3732
-3731
-3704
-3703
-3702
-3701
-3700
-3699
-3698
-3697
-3696
-3695
-3694
-3693
-3692
-3691
-3690
-3689
-3688
-3687
-3686
-3685
-3684
-3683
-3682
-3681
-3680
-3653
-3652
-3651
-3650
-3649
-3648
-3647
-3646
-3645
-3644
-3643
-3642
-3641
-3640
-3639
-3638
-3637
-3636
-3635
-3634
-3633
-3632
-3631
-3630
-3603
-3602
-3601
-3600
-3599
-3598
-3597
-3596
-3595
-3594
-3593
-3591
-3590
-3589
-3588
-3587
-3586
-3585
-3584
-3583
-3582
-3581
-3580
-3579
-3553
-3552
-3551
-3550
-3549
-3548
-3547
-3546
-3545
-3544
-3543
-3542
-3541
-3540
-3539
-3538
-3537
-3536
-3535
-3534
-3533
-3532
-3531
-3530
-3529
-3503
-3502
-3501
-3500
-3499
-3498
-3497
-3496
-3495
-3494
-3493
-3492
-3491
-3490
-3489
-3488
-3487
-3486
-3485
-3484
-3483
-3482
-3481
-3480
-3479
-3476
-3453
-3451
-3450
-3449
-3448
-3447
-3446
-3445
-3444
-3443
-3442
-3441
-3440
-3439
-3438
-3437
-3436
-3435
-3434
-3433
-3432
-3431
-3430
-3429
-3428
-3401
-3400
-3399
-3398
-3397
-3396
-3395
-3394
-3393
-3392
-3391
-3390
-3389
-3388
-3387
-3386
-3385
-3384
-3383
-3382
-3381
-3380
-3379
-3378
-3377
-3352
-3351
-3350
-3349
-3348
-3347
-3346
-3345
-3344
-3343
-3342
-3341
-3340
-3339
-3337
-3336
-3335
-3334
-3333
-3332
-3331
-3330
-3329
-3328
-3327
-3301
-3300
-3299
-3298
-3297
-3296
-3295
-3294
-3293
-3292
-3291
-3290
-3288
-3287
-3286
-3285
-3284
-3283
-3282
-3281
-3280
-3279
-3278
-3277
-3249
-3248
-3247
-3246
-3245
-3244
-3243
-3242
-3241
-3240
-3239
-3238
-3237
-3236
-3235
-3234
-3233
-3232
-3231
-3230
-3229
-3228
-3227
-3226
-3225
-3224
-3200
-3199
-3198
-3197
-3196
-3195
-3194
-3193
-3192
-3191
-3190
-3189
-3187
-3186
-3185
-3184
-3183
-3182
-3181
-3180
-3179
-3178
-3177
-3176
-3150
-3149
-3148
-3147
-3146
-3145
-3144
-3143
-3142
-3141
-3140
-3139
-3138
-3137
-3136
-3135
-3134
-3133
-3132
-3131
-3130
-3129
-3128
-3127
-3126
-3125
-3098
-3097
-3096
-3095
-3094
-3093
-3092
-3091
-3090
-3089
-3088
-3087
-3086
-3085
-3084
-3083
-3082
-3081
-3080
-3079
-3078
-3077
-3076
-3075
-3074
-3048
-3047
-3046
-3045
-3044
-3043
-3042
-3041
-3040
-3039
-3038
-3037
-3036
-3034
-3033
-3032
-3031
-3030
-3029
-3028
-3027
-3026
-3025
-3024
-2998
-2997
-2996
-2995
-2994
-2993
-2992
-2991
-2990
-2989
-2988
-2987
-2986
-2985
-2984
-2983
-2982
-2981
-2980
-2979
-2978
-2977
-2976
-2975
-2974
-2973
-2948
-2947
-2946
-2945
-2944
-2943
-2942
-2941
-2940
-2939
-2938
-2937
-2936
-2935
-2934
-2933
-2932
-2931
-2930
-2929
-2928
-2927
-2926
-2925
-2924
-2923
-2921
-2896
-2895
-2894
-2893
-2892
-2891
-2890
-2889
-2888
-2887
-2886
-2885
-2884
-2883
-2882
-2881
-2880
-2879
-2878
-2877
-2876
-2875
-2874
-2873
-2872
-2846
-2845
-2844
-2843
-2842
-2841
-2840
-2839
-2838
-2837
-2836
-2835
-2833
-2832
-2831
-2830
-2829
-2828
-2827
-2826
-2825
-2824
-2823
-2822
-2821
-2796
-2795
-2794
-2793
-2792
-2791
-2790
-2789
-2788
-2787
-2786
-2785
-2784
-2782
-2781
-2780
-2779
-2778
-2777
-2776
-2775
-2774
-2773
-2772
-2771
-2745
-2744
-2743
-2742
-2741
-2740
-2739
-2738
-2737
-2736
-2735
-2734
-2732
-2731
-2730
-2729
-2728
-2727
-2726
-2725
-2724
-2723
-2722
-2721
-2694
-2693
-2692
-2691
-2690
-2689
-2688
-2687
-2686
-2685
-2684
-2683
-2682
-2681
-2680
-2679
-2678
-2677
-2676
-2675
-2674
-2673
-2672
-2671
-2670
-2669
-2644
-2643
-2642
-2641
-2640
-2639
-2638
-2637
-2636
-2635
-2634
-2633
-2632
-2631
-2630
-2629
-2628
-2627
-2626
-2625
-2624
-2623
-2622
-2621
-2620
-2593
-2592
-2591
-2590
-2589
-2588
-2587
-2586
-2585
-2584
-2583
-2582
-2581
-2580
-2579
-2578
-2577
-2576
-2575
-2574
-2573
-2572
-2571
-2570
-2544
-2543
-2542
-2541
-2540
-2539
-2538
-2537
-2536
-2535
-2534
-2533
-2532
-2531
-2530
-2529
-2528
-2527
-2526
-2525
-2524
-2523
-2522
-2521
-2520
-2493
-2492
-2491
-2490
-2489
-2488
-2487
-2486
-2485
-2484
-2483
-2482
-2480
-2479
-2478
-2477
-2476
-2475
-2474
-2473
-2472
-2471
-2470
-2469
-2468
-2443
-2442
-2441
-2440
-2439
-2438
-2437
-2436
-2435
-2434
-2433
-2432
-2431
-2429
-2428
-2427
-2426
-2425
-2424
-2423
-2422
-2421
-2420
-2419
-2418
-2391
-2390
-2389
-2388
-2387
-2386
-2385
-2384
-2383
-2382
-2381
-2379
-2378
-2377
-2376
-2375
-2374
-2373
-2372
-2371
-2370
-2369
-2368
-2367
-2342
-2341
-2340
-2339
-2338
-2337
-2336
-2335
-2334
-2333
-2332
-2331
-2330
-2329
-2328
-2327
-2326
-2325
-2324
-2323
-2322
-2321
-2320
-2319
-2318
-2317
-2316
-2291
-2290
-2289
-2288
-2287
-2286
-2285
-2284
-2283
-2282
-2281
-2280
-2279
-2278
-2277
-2276
-2275
-2274
-2273
-2272
-2271
-2270
-2269
-2268
-2267
-2266
-2240
-2239
-2238
-2237
-2236
-2235
-2234
-2233
-2232
-2231
-2230
-2229
-2228
-2227
-2226
-2225
-2224
-2223
-2222
-2221
-2220
-2219
-2218
-2217
-2216
-2215
-2189
-2188
-2187
-2186
-2185
-2184
-2183
-2182
-2181
-2180
-2179
-2177
-2176
-2175
-2174
-2173
-2172
-2171
-2170
-2169
-2168
-2167
-2166
-2139
-2138
-2137
-2136
-2135
-2134
-2133
-2132
-2131
-2130
-2129
-2128
-2127
-2126
-2125
-2124
-2123
-2122
-2121
-2120
-2119
-2118
-2117
-2116
-2089
-2088
-2087
-2086
-2085
-2084
-2083
-2082
-2081
-2080
-2079
-2078
-2077
-2076
-2075
-2074
-2073
-2072
-2071
-2070
-2069
-2068
-2067
-2066
-2065
-2064
-2038
-2037
-2036
-2035
-2034
-2033
-2032
-2031
-2030
-2029
-2028
-2027
-2026
-2025
-2024
-2023
-2022
-2021
-2020
-2019
-2018
-2017
-2016
-2015
-2014
-2013
-1987
-1986
-1985
-1984
-1983
-1982
-1981
-1980
-1979
-1978
-1977
-1975
-1974
-1973
-1972
-1971
-1970
-1969
-1968
-1967
-1966
-1965
-1964
-1937
-1936
-1935
-1934
-1933
-1932
-1931
-1930
-1929
-1928
-1927
-1926
-1925
-1924
-1923
-1922
-1921
-1920
-1919
-1918
-1917
-1916
-1915
-1914
-1913
-1887
-1886
-1885
-1884
-1883
-1882
-1881
-1880
-1879
-1878
-1877
-1876
-1875
-1874
-1873
-1872
-1871
-1870
-1869
-1868
-1867
-1866
-1865
-1864
-1863
-1862
-1836
-1835
-1834
-1833
-1832
-1831
-1830
-1829
-1828
-1827
-1826
-1825
-1824
-1823
-1822
-1821
-1820
-1819
-1818
-1817
-1816
-1815
-1814
-1813
-1812
-1786
-1785
-1784
-1783
-1782
-1781
-1780
-1779
-1778
-1777
-1776
-1775
-1774
-1773
-1772
-1771
-1770
-1769
-1768
-1767
-1766
-1765
-1764
-1763
-1762
-1761
-1735
-1734
-1733
-1732
-1731
-1730
-1729
-1728
-1727
-1726
-1725
-1724
-1723
-1722
-1721
-1720
-1719
-1718
-1717
-1716
-1715
-1714
-1713
-1712
-1685
-1684
-1683
-1682
-1681
-1680
-1679
-1678
-1677
-1676
-1675
-1674
-1672
-1671
-1670
-1669
-1668
-1667
-1666
-1665
-1664
-1663
-1662
-1661
-1660
-1635
-1634
-1633
-1632
-1631
-1630
-1629
-1628
-1627
-1626
-1625
-1624
-1623
-1622
-1621
-1620
-1619
-1618
-1617
-1616
-1615
-1614
-1613
-1612
-1611
-1610
-1583
-1582
-1581
-1580
-1579
-1578
-1577
-1576
-1575
-1574
-1573
-1571
-1570
-1569
-1568
-1567
-1566
-1565
-1564
-1563
-1562
-1561
-1560
-1533
-1532
-1531
-1530
-1529
-1528
-1527
-1526
-1525
-1524
-1523
-1522
-1521
-1520
-1519
-1518
-1517
-1516
-1515
-1514
-1513
-1512
-1511
-1510
-1509
-1485
-1482
-1481
-1480
-1479
-1478
-1477
-1476
-1475
-1474
-1473
-1472
-1470
-1469
-1468
-1467
-1466
-1465
-1464
-1463
-1462
-1461
-1460
-1459
-1432
-1431
-1430
-1429
-1428
-1427
-1426
-1425
-1424
-1423
-1422
-1421
-1420
-1419
-1418
-1417
-1416
-1415
-1414
-1413
-1412
-1411
-1410
-1409
-1408
-1382
-1381
-1380
-1379
-1378
-1377
-1376
-1375
-1374
-1373
-1372
-1371
-1370
-1368
-1367
-1366
-1365
-1364
-1363
-1362
-1361
-1360
-1359
-1358
-1331
-1330
-1329
-1328
-1327
-1326
-1325
-1324
-1323
-1322
-1321
-1320
-1319
-1318
-1317
-1316
-1315
-1314
-1313
-1312
-1311
-1310
-1309
-1308
-1307
-1282
-1281
-1280
-1279
-1278
-1277
-1276
-1275
-1274
-1273
-1272
-1271
-1270
-1269
-1268
-1267
-1266
-1265
-1264
-1263
-1262
-1261
-1260
-1259
-1258
-1257
-1231
-1230
-1229
-1228
-1227
-1226
-1225
-1224
-1223
-1222
-1221
-1220
-1217
-1216
-1215
-1214
-1213
-1212
-1211
-1210
-1209
-1208
-1207
-1180
-1179
-1178
-1177
-1176
-1175
-1174
-1173
-1172
-1171
-1170
-1169
-1168
-1167
-1166
-1165
-1164
-1163
-1162
-1161
-1160
-1159
-1158
-1157
-1156
-1130
-1129
-1128
-1127
-1126
-1125
-1124
-1123
-1122
-1121
-1120
-1119
-1118
-1116
-1115
-1114
-1113
-1112
-1111
-1110
-1109
-1108
-1107
-1106
-1105
-1079
-1078
-1077
-1076
-1075
-1074
-1073
-1072
-1071
-1070
-1069
-1068
-1067
-1066
-1065
-1064
-1063
-1062
-1061
-1060
-1059
-1058
-1057
-1056
-1055
-1029
-1028
-1027
-1026
-1025
-1024
-1023
-1022
-1021
-1020
-1019
-1018
-1016
-1015
-1014
-1013
-1012
-1011
-1010
-1009
-1008
-1007
-1006
-1005
-1004
-978
-977
-976
-975
-974
-973
-972
-971
-970
-969
-968
-967
-966
-965
-964
-963
-962
-961
-960
-959
-958
-957
-956
-955
-954
-927
-926
-925
-924
-923
-922
-921
-920
-919
-918
-917
-916
-915
-914
-913
-912
-911
-910
-909
-908
-907
-906
-905
-904
-903
-878
-876
-875
-874
-873
-872
-871
-870
-869
-868
-867
-866
-865
-864
-863
-862
-861
-860
-859
-858
-857
-856
-855
-854
-826
-825
-824
-823
-822
-821
-820
-819
-818
-817
-816
-814
-813
-812
-811
-810
-809
-808
-807
-806
-805
-804
-803
-802
-776
-775
-774
-773
-772
-771
-770
-769
-768
-767
-766
-764
-763
-762
-761
-760
-759
-758
-757
-756
-755
-754
-753
-752
-751
-726
-725
-724
-723
-722
-721
-720
-719
-718
-717
-716
-715
-714
-713
-712
-711
-710
-709
-708
-707
-706
-705
-704
-703
-702
-701
-675
-674
-673
-672
-671
-670
-669
-668
-667
-666
-665
-664
-663
-662
-661
-660
-659
-658
-657
-656
-655
-654
-653
-652
-651
-624
-623
-622
-621
-620
-619
-618
-617
-616
-615
-614
-611
-610
-609
-608
-607
-606
-605
-604
-603
-602
-601
-600
-574
-573
-572
-571
-570
-569
-568
-567
-566
-565
-564
-563
-560
-559
-558
-557
-556
-555
-554
-553
-552
-551
-549
-523
-522
-521
-520
-519
-518
-517
-516
-515
-514
-513
-511
-510
-509
-508
-507
-506
-505
-504
-503
-502
-501
-500
-499
-473
-472
-471
-470
-469
-468
-467
-466
-465
-464
-463
-462
-461
-460
-459
-458
-457
-456
-455
-454
-453
-452
-451
-450
-449
-448
-422
-421
-420
-419
-418
-417
-416
-415
-414
-413
-412
-411
-409
-408
-407
-406
-405
-404
-403
-402
-401
-400
-399
-372
-371
-370
-369
-368
-367
-366
-365
-364
-363
-362
-361
-360
-358
-357
-356
-355
-354
-353
-352
-351
-350
-349
-348
-323
-322
-321
-320
-319
-318
-317
-316
-315
-314
-313
-312
-311
-310
-309
-308
-307
-306
-305
-304
-303
-302
-301
-300
-299
-298
-297
-271
-270
-269
-268
-267
-266
-265
-264
-263
-262
-261
-260
-258
-257
-256
-255
-254
-253
-252
-251
-250
-249
-248
-247
-220
-219
-218
-217
-216
-215
-214
-213
-212
-211
-210
-209
-208
-207
-206
-205
-204
-203
-202
-201
-200
-199
-198
-197
-170
-169
-168
-167
-166
-165
-164
-163
-162
-161
-160
-159
-158
-157
-156
-155
-154
-153
-152
-151
-150
-149
-148
-147
-146
-119
-118
-117
-116
-115
-114
-113
-112
-111
-110
-109
-106
-105
-104
-103
-102
-101
-100
-99
-98
-97
-96
-69
-68
-67
-66
-65
-64
-63
-62
-61
-60
-59
-56
-55
-54
-53
-52
-51
-50
-49
-48
-47
-46
-45
-17
-16
-15
-14
-13
-12
-11
-10
-9
-8
-6
-5
-4
-3
-2
-1
0
1
2
3
4
5
6
32
33
34
35
36
37
38
39
40
41
42
43
44
45
46
47
48
49
50
51
52
53
54
55
56
57
83
84
85
86
87
88
89
90
91
92
93
94
95
96
97
98
99
100
101
102
103
104
105
106
133
134
135
136
137
138
139
140
141
142
143
144
146
147
148
149
150
151
152
153
154
155
156
184
185
186
187
188
189
190
191
192
193
194
197
198
199
200
201
202
203
204
205
206
207
208
234
235
236
237
238
239
240
241
242
243
244
245
246
247
248
249
250
251
252
253
254
255
256
257
285
286
287
288
289
290
291
292
293
294
295
298
299
300
301
302
303
304
305
306
307
308
336
337
338
339
340
341
342
343
344
345
346
348
349
350
351
352
353
354
355
356
357
358
387
388
389
390
391
392
393
394
395
398
399
400
401
402
403
404
405
406
407
408
409
436
437
438
439
440
441
442
443
444
445
446
447
448
449
450
451
452
453
454
455
456
457
458
459
486
487
488
489
490
491
492
493
494
495
496
497
498
499
500
501
502
503
504
505
506
507
508
509
510
511
537
538
539
540
541
542
543
544
545
546
547
548
551
552
553
554
555
556
557
558
559
560
588
589
590
591
592
593
594
595
596
597
598
599
601
602
603
604
605
606
607
608
609
610
611
639
640
641
642
643
644
645
646
647
648
651
652
653
654
655
656
657
658
659
660
661
690
691
692
693
694
695
696
697
698
702
703
704
705
706
707
708
709
710
711
739
740
741
742
743
744
745
746
747
748
749
752
753
754
755
756
757
758
759
760
761
762
790
791
792
793
794
795
796
797
798
799
803
804
805
806
807
808
809
810
811
812
814
840
841
842
843
844
845
846
847
848
849
850
851
853
854
855
856
857
858
859
860
861
862
863
891
892
893
894
895
896
897
898
899
900
901
902
903
904
905
906
907
908
909
910
911
912
913
914
915
942
943
944
945
946
947
948
949
950
951
952
954
955
956
957
958
959
960
961
962
963
966
991
992
993
994
995
996
997
998
999
1000
1001
1002
1004
1005
1006
1007
1008
1009
1010
1011
1012
1013
1014
1015
1042
1043
1044
1045
1046
1047
1048
1049
1050
1051
1052
1055
1056
1057
1058
1059
1060
1061
1062
1063
1064
1065
1094
1095
1096
1097
1098
1099
1100
1101
1102
1104
1105
1106
1107
1108
1109
1110
1111
1112
1113
1114
1115
1116
1142
1143
1144
1145
1146
1147
1148
1149
1150
1151
1152
1153
1156
1157
1158
1159
1160
1161
1162
1163
1164
1165
1166
1194
1195
1196
1197
1198
1199
1200
1201
1202
1203
1205
1206
1207
1208
1209
1210
1211
1212
1213
1214
1215
1216
1245
1246
1247
1248
1249
1250
1251
1252
1253
1254
1256
1257
1258
1259
1260
1261
1262
1263
1264
1265
1266
1267
1296
1297
1298
1299
1300
1301
1302
1303
1304
1306
1307
1308
1309
1310
1311
1312
1313
1314
1315
1316
1317
1346
1347
1348
1349
1350
1351
1352
1353
1354
1355
1356
1358
1359
1360
1361
1362
1363
1364
1365
1366
1367
1368
1395
1396
1397
1398
1399
1400
1401
1402
1403
1404
1405
1406
1409
1410
1411
1412
1413
1414
1415
1416
1417
1418
1419
1420
1445
1446
1447
1448
1449
1450
1451
1452
1453
1454
1455
1456
1459
1460
1461
1462
1463
1464
1465
1466
1467
1468
1470
1497
1498
1499
1500
1501
1502
1503
1504
1505
1506
1507
1510
1511
1512
1513
1514
1515
1516
1517
1518
1519
1547
1548
1549
1550
1551
1552
1553
1554
1555
1556
1558
1561
1562
1563
1564
1565
1566
1567
1568
1569
1570
1599
1600
1601
1602
1603
1604
1605
1606
1607
1608
1609
1611
1612
1613
1614
1615
1616
1617
1618
1619
1620
1621
1647
1649
1650
1651
1652
1653
1654
1655
1656
1657
1658
1662
1663
1664
1665
1666
1667
1668
1669
1670
1672
1699
1700
1701
1702
1703
1704
1705
1706
1707
1708
1711
1712
1713
1714
1715
1716
1717
1718
1719
1720
1721
1722
1723
1749
1750
1751
1752
1753
1754
1755
1756
1757
1758
1763
1764
1765
1766
1767
1768
1769
1770
1771
1772
1799
1800
1802
1803
1804
1805
1806
1807
1808
1809
1813
1814
1815
1816
1817
1818
1819
1820
1821
1822
1850
1851
1852
1853
1854
1855
1856
1857
1858
1859
1861
1863
1864
1865
1866
1867
1868
1869
1870
1871
1872
1901
1902
1903
1904
1905
1906
1907
1908
1909
1910
1911
1914
1915
1916
1917
1918
1919
1920
1921
1922
1924
1952
1953
1954
1955
1956
1957
1958
1959
1960
1963
1964
1965
1966
1967
1968
1969
1970
1971
1972
1973
2002
2003
2004
2005
2006
2007
2008
2009
2010
2011
2014
2015
2016
2017
2018
2019
2020
2021
2022
2023
2024
2051
2053
2054
2055
2056
2057
2058
2059
2060
2061
2062
2063
2065
2066
2067
2068
2069
2070
2071
2072
2073
2074
2075
2102
2103
2105
2106
2107
2108
2109
2110
2111
2112
2115
2116
2117
2118
2119
2120
2121
2122
2123
2124
2154
2155
2156
2157
2158
2159
2160
2161
2162
2163
2164
2166
2167
2168
2169
2170
2171
2172
2173
2174
2175
2176
2204
2205
2206
2207
2208
2209
2210
2211
2212
2213
2214
2216
2217
2218
2219
2220
2221
2222
2223
2224
2225
2226
2227
2253
2254
2255
2256
2257
2258
2259
2260
2261
2262
2263
2264
2267
2268
2269
2270
2271
2272
2273
2274
2275
2276
2277
2305
2306
2307
2308
2309
2310
2311
2312
2313
2314
2317
2318
2319
2320
2321
2322
2323
2324
2325
2326
2327
2355
2356
2357
2358
2359
2360
2361
2362
2363
2364
2366
2367
2368
2369
2370
2371
2372
2373
2374
2375
2376
2407
2408
2409
2410
2411
2412
2413
2414
2415
2416
2419
2420
2421
2422
2423
2424
2425
2426
2427
2428
2457
2458
2459
2460
2461
2462
2463
2464
2465
2466
2469
2470
2471
2472
2473
2474
2475
2476
2477
2478
2480
2508
2509
2510
2511
2512
2513
2514
2515
2516
2521
2522
2523
2524
2525
2526
2527
2528
2529
2556
2557
2558
2559
2560
2561
2562
2563
2564
2565
2567
2571
2572
2573
2574
2575
2576
2577
2578
2579
2608
2609
2610
2611
2612
2613
2614
2615
2616
2617
2620
2621
2622
2623
2624
2625
2626
2627
2628
2629
2630
2657
2659
2660
2661
2662
2663
2664
2665
2666
2667
2671
2672
2673
2674
2675
2676
2677
2678
2679
2680
2709
2710
2711
2712
2713
2714
2715
2716
2717
2718
2721
2722
2723
2724
2725
2726
2727
2728
2729
2730
2731
2732
2757
2760
2761
2762
2763
2764
2765
2766
2767
2768
2769
2770
2772
2773
2774
2775
2776
2777
2778
2779
2780
2781
2782
2783
2810
2811
2812
2813
2814
2815
2816
2817
2818
2819
2822
2823
2824
2825
2826
2827
2828
2829
2830
2831
2832
2861
2862
2863
2864
2865
2866
2867
2868
2869
2871
2874
2875
2876
2877
2878
2879
2880
2881
2882
2883
2912
2913
2914
2915
2916
2917
2918
2919
2920
2924
2925
2926
2927
2928
2929
2930
2931
2932
2933
2962
2963
2964
2965
2966
2967
2968
2969
2970
2974
2975
2976
2977
2978
2979
2980
2981
2982
2983
3012
3013
3014
3015
3016
3017
3018
3019
3020
3021
3022
3024
3025
3026
3027
3028
3029
3030
3031
3032
3033
3063
3064
3065
3066
3067
3068
3069
3070
3071
3072
3075
3076
3077
3078
3079
3080
3081
3082
3083
3084
3114
3115
3116
3117
3118
3119
3120
3121
3125
3126
3127
3128
3129
3130
3131
3132
3133
3134
3135
3163
3164
3165
3166
3167
3168
3169
3170
3171
3172
3173
3177
3178
3179
3180
3181
3182
3183
3184
3185
3186
3214
3215
3216
3217
3218
3219
3220
3221
3222
3223
3227
3228
3229
3230
3231
3232
3233
3234
3235
3236
3265
3266
3267
3268
3269
3270
3271
3272
3273
3274
3278
3279
3280
3281
3282
3283
3284
3285
3286
3287
3314
3316
3317
3318
3319
3320
3321
3322
3323
3324
3325
3328
3329
3330
3331
3332
3333
3334
3335
3336
3337
3365
3366
3367
3368
3369
3370
3371
3372
3373
3374
3376
3378
3379
3380
3381
3382
3383
3384
3385
3386
3387
3415
3416
3417
3418
3419
3420
3421
3422
3423
3424
3425
3428
3429
3430
3431
3432
3433
3434
3435
3436
3437
3438
3466
3467
3468
3469
3470
3471
3472
3473
3474
3475
3476
3477
3479
3480
3481
3482
3483
3484
3485
3486
3487
3488
3517
3518
3519
3520
3521
3522
3523
3524
3525
3526
3529
3530
3531
3532
3533
3534
3535
3536
3537
3538
3568
3569
3570
3571
3572
3573
3574
3575
3576
3580
3581
3582
3583
3584
3585
3586
3587
3588
3589
3617
3618
3619
3620
3621
3622
3623
3624
3625
3626
3627
3630
3631
3632
3633
3634
3635
3636
3637
3638
3639
3669
3670
3671
3672
3673
3674
3675
3676
3677
3678
3681
3682
3683
3684
3685
3686
3687
3688
3689
3690
3718
3719
3720
3721
3722
3723
3724
3725
3726
3727
3728
3729
3732
3733
3734
3735
3736
3737
3738
3739
3740
3741
3769
3770
3771
3772
3773
3774
3775
3776
3777
3778
3779
3781
3782
3783
3784
3785
3786
3787
3788
3789
3790
3819
3820
3821
3822
3823
3824
3825
3826
3827
3828
3832
3833
3834
3835
3836
3837
3838
3839
3840
3841
3871
3872
3873
3874
3875
3876
3877
3878
3883
3884
3885
3886
3887
3888
3889
3890
3891
3892
3921
3922
3923
3924
3925
3926
3927
3928
3929
3930
3933
3934
3935
3936
3937
3938
3939
3940
3941
3942
3971
3972
3973
3974
3975
3976
3977
3978
3979
3980
3985
3986
3987
3988
3989
3990
3991
3992
3993
4022
4023
4024
4025
4026
4027
4028
4029
4030
4033
4034
4035
4036
4037
4038
4039
4040
4041
4042
4043
4044
4072
4073
4074
4075
4076
4077
4078
4079
4080
4081
4082
4085
4086
4087
4088
4089
4090
4091
4092
4093
4094
4123
4124
4125
4126
4127
4128
4129
4130
4131
4135
4136
4137
4138
4139
4140
4141
4142
4143
4144
4172
4174
4175
4176
4177
4178
4179
4180
4181
4182
4183
4185
4186
4187
4188
4189
4190
4191
4192
4193
4194
4198
4224
4225
4226
4227
4228
4229
4230
4231
4232
4237
4238
4239
4240
4241
4242
4243
4244
4245
4275
4276
4277
4278
4279
4280
4281
4282
4283
4284
4285
4287
4288
4289
4290
4291
4292
4293
4294
4295
4297
4325
4326
4327
4328
4329
4330
4331
4332
4333
4337
4338
4339
4340
4341
4342
4343
4344
4345
4346
4347
4375
4376
4377
4378
4379
4380
4381
4382
4383
4384
4388
4389
4390
4391
4392
4393
4394
4395
4396
4397
4426
4427
4428
4429
4430
4431
4432
4433
4434
4435
4438
4439
4440
4441
4442
4443
4444
4445
4446
4476
4477
4478
4479
4480
4481
4482
4483
4484
4485
4486
4489
4490
4491
4492
4493
4494
4495
4496
4497
4527
4528
4529
4530
4531
4532
4533
4534
4535
4538
4539
4540
4541
4542
4543
4544
4545
4546
4547
4548
4577
4578
4579
4580
4581
4582
4583
4584
4585
4586
4590
4591
4592
4593
4594
4595
4596
4597
4598
4629
4630
4631
4632
4633
4634
4635
4636
4637
4638
4639
4641
4642
4643
4644
4645
4646
4647
4648
4649
4678
4679
4680
4681
4682
4683
4684
4685
4686
4687
4691
4692
4693
4694
4695
4696
4697
4698
4699
4702
4729
4730
4731
4732
4733
4734
4735
4736
4737
4741
4742
4743
4744
4745
4746
4747
4748
4749
4750
4778
4780
4781
4782
4783
4784
4785
4786
4787
4788
4789
4793
4794
4795
4796
4797
4798
4799
4800
4830
4831
4832
4833
4834
4835
4836
4837
4838
4839
4843
4844
4845
4846
4847
4848
4849
4850
4852
4880
4881
4882
4883
4884
4885
4886
4887
4888
4893
4894
4895
4896
4897
4898
4899
4900
4901
4902
4931
4932
4933
4934
4935
4936
4937
4938
4939
4940
4943
4944
4945
4946
4947
4948
4949
4950
4951
4952
4982
4983
4984
4985
4986
4987
4988
4989
4990
4994
4995
4996
4997
4998
4999
5000
5001
5002
5031
5032
5033
5034
5035
5036
5037
5038
5039
5040
5044
5045
5046
5047
5048
5049
5050
5051
5052
5053
5054
5082
5083
5084
5085
5086
5087
5088
5089
5090
5091
5095
5096
5097
5098
5099
5100
5101
5102
5103
5104
5133
5134
5135
5136
5137
5138
5139
5140
5141
5146
5147
5148
5149
5150
5151
5152
5153
5154
5183
5184
5185
5186
5187
5188
5189
5190
5191
5192
5195
5197
5198
5199
5200
5201
5202
5203
5204
5205
5206
5233
5234
5235
5236
5237
5238
5239
5240
5241
5242
5247
5248
5249
5250
5251
5252
5253
5254
5255
5256
5286
5287
5288
5289
5290
5291
5292
5294
5297
5298
5299
5300
5301
5302
5303
5304
5335
5336
5337
5338
5339
5340
5341
5342
5343
5348
5349
5350
5351
5352
5353
5354
5355
5356
5386
5387
5388
5389
5390
5391
5392
5393
5398
5399
5400
5401
5402
5403
5404
5405
5406
5436
5437
5438
5439
5440
5441
5442
5443
5444
5445
5447
5448
5449
5450
5451
5452
5453
5454
5455
5456
5457
5487
5488
5489
5490
5491
5492
5493
5494
5498
5499
5500
5501
5502
5503
5504
5505
5506
5507
5537
5538
5539
5540
5541
5542
5543
5544
5548
5549
5550
5551
5552
5553
5554
5555
5556
5557
5558
5559
5588
5589
5590
5591
5592
5593
5594
5595
5596
5598
5600
5601
5602
5603
5604
5605
5606
5607
5608
5609
5638
5639
5640
5641
5642
5643
5644
5645
5646
5649
5652
5653
5654
5655
5656
5657
5658
5659
5689
5690
5691
5692
5693
5694
5695
5696
5697
5698
5701
5702
5703
5704
5705
5706
5707
5708
5740
5741
5742
5743
5744
5745
5746
5747
5750
5751
5752
5753
5754
5755
5756
5757
5758
5759
5760
5761
5789
5790
5791
5792
5793
5794
5795
5796
5797
5801
5802
5803
5804
5805
5806
5807
5808
5809
5810
5840
5841
5842
5843
5844
5845
5846
5848
5853
5854
5855
5856
5857
5858
5859
5860
5861
5862
5891
5892
5893
5894
5895
5896
5897
5898
5903
5904
5905
5906
5907
5908
5909
5910
5911
5912
5939
5940
5942
5943
5944
5945
5946
5947
5948
5949
5954
5955
5956
5957
5958
5959
5960
5961
5963
5990
5991
5992
5993
5994
5995
5996
5997
5998
5999
6000
6002
6004
6005
6006
6007
6008
6009
6010
6011
6012
6040
6042
6043
6044
6045
6046
6047
6048
6049
6050
6055
6056
6057
6058
6059
6060
6061
6062
6063
6064
6091
6093
6094
6095
6096
6097
6098
6099
6100
6102
6103
6105
6106
6107
6108
6109
6110
6111
6112
6113
6143
6144
6145
6146
6147
6148
6149
6150
6151
6153
6154
6155
6156
6157
6158
6159
6160
6161
6162
6163
6164
6193
6194
6195
6196
6197
6198
6199
6200
6201
6205
6206
6207
6208
6209
6210
6211
6212
6213
6244
6245
6246
6247
6248
6249
6250
6251
6252
6253
6257
6258
6259
6260
6261
6262
6263
6264
6265
6292
6295
6296
6297
6298
6299
6300
6301
6303
6307
6308
6309
6310
6311
6312
6313
6314
6315
6345
6346
6347
6348
6349
6350
6351
6352
6353
6354
6357
6358
6359
6360
6361
6362
6363
6364
6367
6396
6397
6398
6399
6400
6401
6402
6403
6407
6409
6410
6411
6412
6413
6414
6415
6416
6417
6444
6447
6448
6449
6450
6451
6452
6453
6457
6458
6459
6460
6461
6462
6463
6464
6465
6466
6467
6495
6496
6497
6498
6499
6500
6501
6502
6503
6504
6505
6508
6509
6510
6511
6512
6513
6514
6515
6516
6517
6547
6548
6549
6550
6551
6552
6553
6554
6555
6559
6560
6561
6562
6563
6564
6565
6566
6567
6570
6598
6599
6600
6601
6602
6603
6604
6605
6606
6610
6611
6612
6613
6614
6615
6616
6617
6618
6647
6648
6649
6650
6651
6652
6653
6654
6655
6657
6660
6661
6662
6663
6664
6665
6666
6667
6668
6669
6670
6699
6700
6701
6702
6703
6704
6705
6711
6712
6713
6714
6715
6716
6717
6718
6719
6749
6750
6751
6752
6753
6754
6755
6756
6757
6758
6762
6763
6764
6765
6766
6767
6768
6769
6799
6800
6801
6802
6803
6804
6805
6806
6807
6810
6811
6812
6813
6814
6815
6816
6817
6818
6819
6820
6849
6850
6851
6852
6853
6854
6855
6856
6857
6858
6862
6863
6864
6865
6866
6867
6868
6869
6870
6899
6900
6901
6902
6903
6904
6905
6906
6907
6908
6909
6912
6913
6914
6915
6916
6917
6918
6919
6920
6921
6952
6953
6954
6955
6956
6957
6958
6960
6963
6964
6965
6966
6967
6968
6969
6970
6971
6972
7001
7002
7003
7004
7005
7006
7007
7008
7009
7010
7014
7015
7016
7017
7018
7019
7020
7021
7022
7052
7053
7054
7055
7056
7057
7058
7059
7064
7065
7066
7067
7068
7069
7070
7071
7072
7103
7104
7105
7106
7107
7108
7109
7110
7111
7114
7115
7116
7117
7118
7119
7120
7121
7122
7153
7154
7155
7156
7157
7158
7159
7160
7161
7164
7165
7166
7167
7168
7169
7170
7171
7172
7173
7203
7204
7205
7206
7207
7208
7209
7210
7211
7212
7215
7216
7217
7218
7219
7220
7221
7222
7223
7224
7254
7255
7256
7257
7258
7259
7260
7261
7262
7266
7267
7268
7269
7270
7271
7272
7273
7274
7305
7306
7307
7308
7309
7310
7311
7313
7316
7317
7318
7319
7320
7321
7322
7323
7324
7325
7326
7356
7357
7358
7359
7360
7361
7362
7364
7365
7367
7368
7369
7370
7371
7372
7373
7374
7375
7376
7405
7406
7407
7408
7409
7410
7411
7412
7417
7418
7419
7420
7421
7422
7423
7424
7425
7456
7457
7458
7459
7460
7461
7462
7463
7464
7468
7469
7470
7471
7472
7473
7474
7475
7476
7506
7507
7508
7509
7510
7511
7512
7513
7514
7515
7519
7520
7521
7522
7523
7524
7525
7526
7527
7557
7558
7559
7560
7561
7562
7563
7564
7568
7569
7570
7571
7572
7573
7574
7575
7576
7577
7608
7609
7610
7611
7612
7613
7614
7615
7620
7621
7622
7623
7624
7625
7626
7627
7628
7657
7658
7659
7660
7661
7662
7663
7664
7665
7670
7671
7672
7673
7674
7675
7676
7677
7678
7709
7710
7711
7712
7713
7714
7715
7716
7722
7723
7724
7725
7726
7727
7728
7758
7759
7760
7761
7762
7763
7764
7765
7766
7770
7772
7773
7774
7775
7776
7777
7778
7780
7808
7809
7810
7811
7812
7813
7814
7815
7816
7817
7820
7821
7822
7823
7824
7825
7826
7827
7828
7829
7830
7831
7859
7860
7861
7862
7863
7864
7865
7866
7867
7868
7869
7872
7873
7874
7875
7876
7877
7878
7879
7880
7909
7911
7912
7913
7914
7915
7916
7917
7918
7919
7921
7923
7924
7925
7926
7927
7928
7929
7930
7960
7961
7962
7963
7964
7965
7966
7967
7968
7973
7974
7975
7976
7977
7978
7979
7980
7981
8011
8012
8013
8014
8015
8016
8017
8018
8020
8022
8024
8025
8026
8027
8028
8029
8030
8031
8032
8063
8064
8065
8066
8067
8068
8070
8073
8074
8075
8076
8077
8078
8079
8080
8081
8082
8112
8113
8114
8115
8116
8117
8118
8119
8123
8124
8125
8126
8127
8128
8129
8130
8131
8132
8161
8163
8164
8165
8166
8167
8168
8169
8170
8174
8175
8176
8177
8178
8179
8180
8181
8182
8183
8184
8214
8215
8216
8217
8218
8219
8220
8221
8226
8227
8228
8229
8230
8231
8232
8233
8263
8264
8265
8266
8267
8268
8269
8270
8275
8276
8277
8278
8279
8280
8281
8282
8283
8284
8285
8314
8315
8316
8317
8318
8319
8320
8321
8322
8327
8328
8329
8330
8331
8332
8333
8334
8336
8364
8365
8366
8367
8368
8369
8370
8371
8378
8379
8380
8381
8382
8383
8384
8385
8415
8416
8417
8418
8419
8420
8421
8422
8423
8427
8428
8429
8430
8431
8432
8433
8434
8435
8466
8467
8468
8469
8470
8471
8472
8473
8474
8478
8479
8480
8481
8482
8483
8484
8485
8486
8487
8517
8518
8519
8520
8521
8522
8523
8524
8529
8530
8531
8532
8533
8534
8535
8536
8568
8569
8570
8571
8572
8573
8574
8575
8577
8579
8580
8581
8582
8583
8584
8585
8586
8587
8588
8618
8619
8620
8621
8622
8623
8624
8625
8630
8631
8632
8633
8634
8635
8636
8637
8638
8667
8669
8670
8671
8672
8673
8674
8675
8676
8679
8680
8681
8682
8683
8684
8685
8686
8687
8688
8717
8718
8719
8720
8721
8722
8723
8724
8725
8726
8727
8731
8732
8733
8734
8735
8736
8737
8738
8739
8740
8768
8769
8770
8771
8772
8773
8774
8775
8776
8781
8782
8783
8784
8785
8786
8787
8788
8820
8821
8822
8823
8824
8825
8826
8827
8828
8831
8832
8833
8834
8835
8836
8837
8838
8839
8840
8869
8870
8871
8872
8873
8874
8875
8876
8878
8882
8883
8884
8885
8886
8887
8888
8889
8890
8921
8922
8923
8924
8925
8926
8927
8928
8932
8933
8934
8935
8936
8937
8938
8939
8941
8971
8972
8973
8974
8975
8976
8977
8978
8983
8984
8985
8986
8987
8988
8989
8990
8991
8992
9021
9022
9023
9024
9025
9026
9027
9028
9033
9034
9035
9036
9037
9038
9039
9040
9041
9070
9071
9072
9073
9074
9075
9076
9077
9078
9079
9084
9085
9086
9087
9088
9089
9090
9091
9092
9119
9121
9122
9123
9124
9125
9126
9127
9128
9129
9130
9136
9137
9138
9139
9140
9141
9142
9172
9173
9174
9175
9176
9177
9178
9179
9180
9184
9186
9187
9188
9189
9190
9191
9192
9222
9223
9224
9225
9226
9227
9228
9229
9230
9231
9234
9236
9237
9238
9239
9240
9241
9242
9243
9244
9273
9274
9275
9276
9277
9278
9279
9280
9281
9282
9286
9287
9288
9289
9290
9291
9292
9293
9294
9325
9326
9327
9328
9329
9330
9331
9334
9336
9337
9338
9339
9340
9341
9342
9343
9344
9345
9374
9376
9377
9378
9379
9380
9381
9382
9383
9387
9388
9389
9390
9391
9392
9393
9394
9395
9425
9426
9427
9428
9429
9430
9431
9433
9437
9438
9439
9440
9441
9442
9443
9444
9445
9475
9477
9478
9479
9480
9481
9482
9483
9484
9487
9488
9489
9490
9491
9492
9493
9494
9495
9496
9526
9527
9528
9529
9530
9531
9532
9533
9534
9535
9538
9539
9540
9541
9542
9543
9544
9545
9546
9577
9578
9579
9580
9581
9582
9583
9584
9585
9589
9590
9591
9592
9593
9594
9595
9596
9597
9598
9626
9627
9628
9629
9630
9631
9632
9633
9634
9635
9639
9640
9641
9642
9643
9644
9645
9646
9647
9648
9677
9678
9679
9680
9681
9682
9683
9684
9685
9690
9691
9692
9693
9694
9695
9696
9697
9698
9728
9729
9730
9731
9732
9733
9734
9735
9741
9742
9743
9744
9745
9746
9747
9748
9777
9778
9779
9780
9781
9782
9783
9784
9785
9786
9789
9791
9792
9793
9794
9795
9796
9797
9798
9829
9830
9831
9832
9833
9834
9835
9836
9838
9842
9843
9844
9845
9846
9847
9848
9849
9879
9880
9881
9882
9883
9884
9885
9886
9887
9892
9893
9894
9895
9896
9897
9898
9899
9900
9930
9931
9932
9933
9934
9935
9936
9937
9938
9942
9944
9945
9946
9947
9948
9949
9981
9982
9983
9984
9985
9986
9987
9989
9993
9994
9995
9996
9997
9998
9999
10000
10001
10031
10032
10033
10034
10035
10036
10037
10038
10043
10044
10045
10046
10047
10048
10049
10050
10051
10052
10082
10083
10084
10085
10086
10087
10088
10089
10094
10095
10096
10097
10098
10099
10100
10101
10102
10131
10133
10134
10135
10136
10137
10138
10139
10144
10145
10146
10147
10148
10149
10150
10151
10152
10153
10182
10183
10184
10185
10186
10187
10188
10189
10191
10195
10196
10197
10198
10199
10200
10201
10202
10203
10233
10234
10235
10236
10237
10238
10239
10240
10241
10242
10246
10247
10248
10249
10250
10251
10252
10253
10284
10285
10286
10287
10288
10289
10290
10296
10297
10298
10299
10300
10301
10302
10303
10334
10335
10336
10337
10338
10339
10340
10341
10343
10346
10347
10348
10349
10350
10351
10352
10353
10354
10385
10386
10387
10388
10389
10390
10391
10392
10396
10397
10398
10399
10400
10401
10402
10403
10404
10405
10433
10435
10436
10437
10438
10439
10440
10441
10442
10443
10448
10449
10450
10451
10452
10453
10454
10455
10456
10485
10486
10487
10488
10489
10490
10491
10492
10493
10497
10498
10499
10500
10501
10502
10503
10504
10505
10506
10535
10536
10537
10538
10539
10540
10541
10542
10543
10544
10545
10548
10549
10550
10551
10552
10553
10554
10555
10556
10585
10586
10587
10588
10589
10590
10591
10592
10593
10594
10599
10600
10601
10602
10603
10604
10605
10606
10638
10639
10640
10641
10642
10643
10644
10645
10649
10650
10651
10652
10653
10654
10655
10656
10657
10686
10688
10689
10690
10691
10692
10693
10694
10695
10699
10700
10701
10702
10703
10704
10705
10706
10707
10737
10738
10739
10740
10741
10742
10743
10744
10745
10746
10749
10750
10751
10752
10753
10754
10755
10756
10757
10758
10788
10789
10790
10791
10792
10793
10794
10795
10797
10801
10802
10803
10804
10805
10806
10807
10808
10809
10839
10840
10841
10842
10843
10844
10845
10846
10852
10853
10854
10855
10856
10857
10858
10859
10889
10890
10891
10892
10893
10894
10895
10898
10902
10903
10904
10905
10906
10907
10908
10909
10910
10939
10940
10941
10942
10943
10944
10945
10946
10947
10948
10952
10953
10954
10955
10956
10957
10958
10959
10960
10991
10992
10993
10994
10995
10996
10997
10998
11003
11004
11005
11006
11007
11008
11009
11010
11040
11041
11042
11043
11044
11045
11046
11047
11048
11049
11053
11054
11055
11056
11057
11058
11059
11060
11061
11062
11063
11090
11092
11093
11094
11095
11096
11097
11098
11104
11105
11106
11107
11108
11109
11110
11111
11112
11141
11142
11143
11144
11145
11146
11147
11148
11154
11155
11156
11157
11158
11159
11160
11161
11162
11191
11193
11194
11195
11196
11197
11198
11199
11201
11203
11205
11206
11207
11208
11209
11210
11211
11244
11245
11246
11247
11248
11249
11250
11255
11256
11257
11258
11259
11260
11261
11262
11263
11291
11292
11294
11295
11296
11297
11298
11299
11300
11305
11306
11307
11308
11309
11310
11311
11312
11313
11314
11342
11345
11346
11347
11348
11349
11350
11351
11352
11356
11357
11358
11359
11360
11361
11362
11363
11364
11365
11395
11396
11397
11398
11399
11400
11401
11406
11407
11408
11409
11410
11411
11412
11413
11414
11443
11444
11445
11446
11447
11448
11449
11450
11451
11456
11457
11458
11459
11460
11461
11462
11463
11464
11465
11466
11495
11496
11497
11498
11499
11500
11501
11502
11503
11509
11510
11511
11512
11513
11514
11515
11516
11545
11546
11547
11548
11549
11550
11551
11552
11559
11560
11561
11562
11563
11564
11565
11566
11567
11596
11598
11599
11600
11601
11602
11603
11604
11608
11609
11610
11611
11612
11613
11614
11615
11616
11618
11646
11647
11648
11649
11650
11651
11652
11653
11654
11660
11661
11662
11663
11664
11665
11666
11667
11668
11696
11699
11700
11701
11702
11703
11705
11707
11709
11710
11711
11712
11713
11714
11715
11716
11717
11746
11747
11748
11749
11750
11751
11752
11753
11754
11755
11759
11760
11761
11762
11763
11764
11765
11766
11767
11769
11797
11798
11799
11800
11801
11802
11803
11804
11805
11810
11811
11813
11814
11815
11816
11817
11818
11821
11847
11848
11849
11850
11851
11852
11853
11854
11855
11856
11860
11861
11863
11864
11865
11866
11867
11868
11869
11870
11900
11901
11902
11903
11904
11905
11906
11908
11910
11911
11912
11913
11914
11915
11916
11917
11918
11919
11920
11950
11951
11952
11953
11954
11955
11956
11957
11960
11962
11963
11964
11965
11966
11967
11968
11969
11970
12001
12002
12003
12004
12005
12006
12007
12010
12013
12014
12015
12016
12017
12018
12019
12020
12021
12050
12051
12052
12053
12054
12055
12056
12057
12058
12063
12064
12065
12066
12067
12068
12069
12070
12071
12099
12102
12103
12104
12105
12106
12107
12108
12114
12115
12116
12117
12118
12119
12120
12121
12123
12149
12152
12153
12154
12155
12156
12157
12158
12160
12165
12166
12167
12168
12169
12170
12171
12201
12203
12204
12205
12206
12207
12208
12209
12214
12215
12216
12217
12218
12219
12220
12221
12222
12253
12254
12255
12256
12257
12258
12259
12260
12266
12267
12268
12269
12270
12271
12272
12273
12303
12304
12305
12306
12307
12308
12309
12313
12316
12317
12318
12319
12320
12321
12322
12323
12354
12355
12356
12357
12358
12359
12360
12361
12365
12367
12368
12369
12370
12371
12372
12373
12374
12375
12404
12405
12406
12407
12408
12409
12410
12411
12412
12415
12417
12418
12419
12420
12421
12422
12423
12424
12425
12454
12456
12457
12458
12459
12460
12461
12462
12464
12467
12468
12469
12470
12471
12472
12473
12474
12476
12506
12507
12508
12509
12510
12511
12512
12514
12518
12519
12520
12521
12522
12523
12524
12526
12527
12554
12556
12557
12558
12559
12560
12561
12562
12563
12568
12569
12570
12571
12572
12573
12574
12575
12607
12608
12609
12610
12611
12612
12613
12619
12620
12621
12622
12623
12624
12625
12626
12627
12656
12657
12658
12659
12660
12661
12662
12663
12664
12669
12670
12671
12672
12673
12674
12675
12676
12707
12708
12709
12710
12711
12712
12713
12714
12720
12721
12722
12723
12724
12725
12726
12727
12757
12758
12759
12760
12761
12762
12763
12764
12765
12770
12771
12772
12773
12774
12775
12776
12777
12778
12810
12811
12812
12813
12814
12815
12822
12823
12824
12825
12826
12828
12859
12860
12861
12862
12863
12864
12865
12866
12871
12872
12873
12874
12875
12876
12877
12878
12879
12881
12908
12909
12910
12911
12912
12913
12914
12915
12916
12917
12921
12922
12923
12924
12925
12926
12927
12928
12929
12930
12956
12959
12960
12961
12962
12963
12964
12965
12966
12967
12972
12973
12974
12975
12976
12977
12978
12979
13010
13011
13012
13013
13014
13015
13016
13017
13022
13024
13025
13026
13027
13028
13029
13030
13031
13061
13062
13063
13064
13065
13066
13067
13074
13075
13076
13077
13078
13079
13080
13081
13111
13112
13113
13114
13115
13116
13117
13120
13123
13124
13125
13126
13127
13128
13129
13130
13160
13161
13162
13163
13164
13165
13166
13167
13168
13173
13174
13175
13176
13177
13178
13179
13180
13181
13211
13213
13214
13215
13216
13217
13218
13219
13224
13225
13226
13227
13228
13229
13230
13231
13264
13265
13266
13267
13268
13269
13275
13276
13277
13278
13279
13280
13281
13282
13285
13313
13314
13315
13316
13317
13318
13319
13325
13327
13328
13329
13330
13331
13332
13333
13334
13364
13365
13366
13367
13368
13369
13370
13371
13378
13379
13380
13381
13382
13383
13413
13414
13415
13416
13417
13418
13419
13420
13421
13422
13427
13428
13429
13430
13431
13432
13433
13464
13465
13466
13467
13468
13469
13470
13471
13472
13477
13478
13479
13480
13481
13482
13483
13515
13516
13517
13518
13519
13520
13521
13524
13527
13529
13530
13531
13532
13533
13537
13565
13566
13567
13568
13569
13570
13571
13572
13573
13578
13579
13580
13581
13582
13583
13584
13585
13616
13618
13619
13620
13621
13622
13623
13624
13628
13630
13631
13632
13633
13634
13635
13636
13637
13667
13668
13669
13670
13671
13672
13673
13675
13680
13681
13682
13683
13684
13685
13686
13687
13717
13718
13719
13720
13721
13722
13723
13724
13730
13731
13732
13733
13734
13735
13736
13737
13768
13769
13770
13771
13772
13773
13774
13775
13778
13780
13781
13782
13783
13784
13785
13786
13787
13817
13818
13819
13820
13821
13822
13823
13825
13832
13833
13834
13835
13836
13837
13869
13870
13871
13872
13873
13874
13875
13876
13881
13882
13883
13884
13885
13886
13887
13889
13919
13920
13921
13922
13923
13924
13925
13926
13929
13932
13933
13934
13935
13936
13937
13938
13939
13970
13971
13972
13973
13974
13975
13976
13977
13983
13984
13985
13986
13987
13988
13989
14017
14018
14020
14021
14022
14023
14024
14025
14026
14027
14032
14033
14034
14035
14036
14037
14038
14039
14041
14069
14070
14071
14072
14073
14074
14075
14076
14077
14078
14079
14083
14084
14085
14086
14087
14088
14089
14090
14120
14121
14122
14123
14124
14125
14126
14127
14133
14134
14135
14136
14137
14138
14139
14140
14144
14172
14173
14174
14175
14176
14177
14178
14182
14184
14185
14186
14187
14188
14189
14190
14220
14222
14223
14224
14225
14226
14227
14228
14229
14230
14232
14235
14236
14237
14238
14239
14240
14241
14272
14273
14274
14275
14276
14277
14278
14279
14280
14285
14286
14287
14288
14289
14290
14291
14323
14324
14325
14326
14327
14328
14329
14335
14336
14337
14338
14339
14340
14341
14343
14374
14375
14376
14377
14378
14379
14380
14381
14382
14384
14386
14387
14388
14389
14390
14391
14392
14393
14423
14424
14425
14426
14427
14428
14429
14430
14431
14436
14438
14439
14440
14441
14442
14443
14474
14475
14476
14477
14478
14479
14480
14481
14486
14487
14488
14489
14490
14491
14492
14493
14494
14525
14526
14527
14528
14529
14530
14531
14532
14537
14538
14539
14540
14541
14542
14543
14544
14546
14575
14576
14577
14578
14579
14580
14581
14582
14588
14589
14590
14591
14592
14593
14594
14595
14626
14627
14628
14629
14630
14631
14632
14633
14639
14640
14641
14642
14643
14644
14645
14676
14677
14678
14679
14680
14681
14682
14683
14687
14688
14689
14690
14691
14692
14693
14694
14695
14696
14726
14728
14729
14730
14731
14732
14733
14734
14740
14741
14742
14743
14744
14745
14746
14747
14778
14779
14780
14781
14782
14783
14789
14790
14791
14792
14793
14794
14795
14796
14797
14826
14828
14829
14830
14831
14832
14833
14834
14835
14836
14838
14841
14842
14843
14844
14845
14846
14847
14848
14877
14879
14880
14881
14882
14883
14884
14886
14890
14891
14892
14893
14894
14895
14896
14897
14898
14899
14929
14931
14932
14933
14934
14935
14936
14941
14942
14943
14944
14945
14946
14947
14948
14949
14980
14981
14982
14983
14984
14985
14986
14987
14992
14993
14994
14995
14996
14997
14998
14999
15030
15031
15032
15033
15034
15035
15036
15042
15043
15044
15045
15046
15047
15048
15049
15080
15081
15082
15083
15084
15085
15086
15087
15088
15094
15095
15096
15097
15098
15099
15100
15132
15133
15134
15135
15136
15137
15139
15141
15144
15145
15146
15147
15148
15149
15181
15182
15183
15184
15185
15186
15187
15193
15194
15195
15196
15197
15198
15199
15201
15231
15232
15233
15234
15235
15236
15237
15238
15239
15244
15245
15246
15247
15248
15249
15250
15251
15282
15283
15284
15285
15286
15287
15288
15289
15295
15296
15297
15298
15299
15300
15301
15334
15335
15336
15337
15338
15339
15340
15345
15346
15347
15348
15349
15350
15351
15352
15383
15385
15386
15387
15388
15389
15390
15392
15397
15398
15399
15400
15401
15402
15403
15404
15406
15433
15434
15435
15436
15437
15438
15439
15440
15441
15447
15448
15449
15450
15451
15484
15485
15486
15487
15488
15489
15490
15492
15493
15497
15498
15499
15500
15501
15502
15503
15504
15505
15537
15538
15539
15540
15541
15546
15547
15548
15549
15550
15551
15552
15553
15554
15584
15585
15586
15587
15588
15589
15590
15591
15592
15593
15598
15599
15600
15601
15602
15603
15604
15605
15635
15637
15638
15639
15640
15641
15642
15643
15648
15650
15651
15652
15653
15654
15655
15685
15686
15687
15688
15689
15690
15691
15692
15699
15700
15701
15702
15703
15704
15705
15706
15707
15737
15738
15739
15740
15741
15742
15743
15744
15747
15748
15750
15751
15752
15753
15754
15755
15756
15787
15788
15790
15791
15792
15793
15799
15800
15801
15802
15803
15804
15805
15806
15838
15839
15840
15841
15842
15843
15845
15849
15850
15851
15852
15853
15854
15855
15856
15888
15889
15890
15891
15892
15893
15894
15895
15899
15901
15902
15903
15904
15905
15906
15907
15939
15940
15941
15942
15943
15944
15945
15951
15952
15953
15954
15955
15956
15957
15958
15989
15990
15991
15992
15993
15995
15996
16003
16004
16005
16006
16007
16011
16039
16040
16041
16042
16043
16044
16045
16046
16053
16054
16055
16056
16057
16058
16060
16090
16091
16092
16093
16094
16095
16096
16097
16104
16105
16106
16107
16108
16109
16141
16142
16143
16144
16145
16147
16149
16152
16153
16154
16155
16156
16157
16158
16159
16160
16192
16193
16194
16195
16196
16197
16198
16199
16200
16204
16205
16206
16207
16208
16209
16241
16242
16243
16244
16245
16246
16247
16248
16254
16255
16256
16257
16258
16259
16260
16261
16262
16291
16293
16294
16295
16296
16297
16298
16299
16305
16306
16307
16308
16309
16310
16343
16344
16345
16346
16347
16348
16357
16358
16359
16360
16361
16377
16378
16379
16380
16381
16382
16383
