-1024
-1023
-1021
-1020
-1019
-1018
-1017
-1016
-1014
-1013
-1011
-1010
-1008
-1007
-1005
-1004
-1002
-1001
-999
-998
-997
-996
-995
-994
-992
-991
-989
-988
-986
-985
-983
-982
-980
-979
-977
-976
-975
-974
-973
-972
-970
-969
-967
-966
-964
-963
-961
-960
-958
-957
-956
-955
-954
-953
-951
-950
-948
-947
-945
-944
-942
-941
-939
-938
-937
-936
-935
-934
-932
-931
-929
-928
-926
-925
-923
-922
-920
-919
-917
-916
-915
-913
-912
-910
-909
-907
-906
-904
-903
-901
-900
-898
-897
-896
-895
-894
-893
-891
-890
-888
-887
-885
-884
-882
-881
-879
-878
-876
-875
-874
-872
-871
-869
-868
-866
-865
-863
-862
-860
-859
-857
-856
-855
-854
-853
-852
-850
-849
-847
-846
-844
-843
-841
-840
-838
-837
-836
-835
-834
-833
-831
-830
-828
-827
-825
-824
-822
-821
-819
-818
-816
-815
-814
-813
-812
-811
-809
-808
-806
-805
-803
-802
-800
-799
-797
-796
-795
-794
-793
-792
-790
-789
-787
-786
-784
-783
-781
-780
-778
-777
-776
-775
-774
-773
-771
-770
-768
-767
-765
-764
-762
-761
-759
-758
-756
-755
-754
-753
-752
-751
-749
-748
-746
-745
-743
-742
-740
-739
-737
-736
-735
-734
-733
-732
-731
-730
-729
-727
-726
-724
-723
-721
-720
-718
-717
-715
-714
-713
-712
-711
-710
-708
-707
-705
-704
-702
-701
-699
-698
-696
-695
-694
-693
-692
-691
-689
-688
-686
-685
-683
-682
-680
-679
-677
-676
-675
-674
-673
-672
-670
-669
-667
-666
-664
-663
-661
-660
-658
-657
-655
-654
-653
-652
-651
-650
-648
-647
-645
-644
-642
-641
-639
-638
-636
-635
-634
-633
-632
-631
-629
-628
-626
-625
-623
-622
-620
-619
-617
-616
-614
-613
-612
-611
-610
-609
-607
-606
-604
-603
-601
-600
-598
-597
-595
-594
-593
-592
-591
-590
-588
-587
-585
-584
-582
-581
-579
-578
-576
-575
-573
-572
-571
-570
-569
-568
-566
-565
-563
-562
-560
-559
-557
-556
-554
-553
-552
-551
-550
-549
-548
-547
-546
-544
-543
-541
-540
-538
-537
-535
-534
-533
-532
-531
-530
-529
-528
-527
-525
-524
-522
-521
-519
-518
-516
-515
-513
-512
-511
-510
-509
-508
-506
-505
-503
-502
-500
-499
-497
-496
-494
-493
-491
-490
-489
-488
-487
-486
-484
-483
-481
-480
-478
-477
-475
-474
-472
-471
-470
-469
-468
-467
-465
-464
-462
-461
-459
-458
-456
-455
-453
-452
-451
-450
-449
-448
-447
-446
-445
-443
-442
-440
-439
-437
-436
-434
-433
-431
-430
-429
-428
-427
-426
-424
-423
-421
-420
-418
-417
-415
-414
-412
-411
-410
-409
-408
-407
-405
-404
-402
-401
-399
-398
-396
-395
-393
-392
-391
-390
-389
-388
-387
-386
-385
-383
-382
-380
-379
-377
-376
-374
-373
-371
-370
-369
-368
-367
-366
-364
-363
-361
-360
-358
-357
-355
-354
-352
-351
-350
-349
-348
-347
-346
-345
-344
-342
-341
-339
-338
-336
-335
-333
-332
-330
-329
-328
-327
-326
-325
-323
-322
-320
-319
-317
-316
-314
-313
-311
-310
-309
-308
-307
-306
-305
-304
-303
-301
-300
-298
-297
-295
-294
-292
-291
-290
-289
-288
-287
-286
-285
-284
-282
-281
-279
-278
-276
-275
-273
-272
-271
-270
-269
-268
-267
-266
-265
-264
-263
-262
-260
-259
-257
-256
-254
-253
-251
-250
-249
-248
-247
-246
-245
-244
-243
-242
-241
-240
-238
-237
-235
-234
-232
-231
-230
-229
-228
-227
-226
-225
-224
-223
-222
-221
-219
-218
-216
-215
-213
-212
-210
-209
-208
-207
-206
-205
-204
-203
-202
-200
-199
-197
-196
-194
-193
-191
-190
-189
-188
-187
-186
-185
-184
-183
-181
-180
-178
-177
-175
-174
-172
-171
-169
-168
-167
-166
-165
-164
-163
-162
-161
-159
-158
-156
-155
-153
-152
-150
-149
-148
-147
-146
-145
-144
-143
-142
-140
-139
-137
-136
-134
-133
-131
-130
-129
-128
-127
-126
-125
-124
-123
-122
-121
-120
-118
-117
-115
-114
-112
-111
-109
-108
-107
-106
-105
-104
-103
-102
-101
-99
-98
-96
-95
-93
-92
-90
-89
-88
-87
-86
-85
-84
-83
-82
-81
-80
-79
-77
-76
-74
-73
-71
-70
-68
-67
-66
-65
-64
-63
-62
-61
-60
-58
-57
-55
-54
-52
-51
-49
-48
-47
-46
-45
-44
-43
-42
-41
-39
-38
-36
-35
-33
-32
-30
-29
-28
-27
-26
-25
-24
-23
-22
-21
-20
-19
-17
-16
-14
-13
-11
-10
-8
-7
-6
-5
-4
-3
-2
-1
0
2
3
5
6
8
9
11
12
13
14
15
16
17
18
19
21
22
24
25
27
28
30
31
33
34
35
36
37
38
39
40
41
43
44
46
47
49
50
52
53
55
56
57
58
59
60
61
62
63
65
66
68
69
71
72
74
75
76
77
78
79
81
82
84
85
87
88
90
91
93
94
96
97
98
99
100
101
102
103
104
106
107
109
110
112
113
115
116
117
118
119
120
122
123
125
126
128
129
131
132
134
135
136
137
138
139
140
141
142
144
145
147
148
150
151
153
154
155
156
157
158
159
160
161
163
164
166
167
169
170
172
173
175
176
177
178
179
180
182
183
185
186
188
189
191
192
194
195
197
198
199
200
201
202
204
205
207
208
210
211
213
214
216
217
218
219
220
221
223
224
226
227
229
230
232
233
235
236
238
239
240
241
242
243
245
246
248
249
251
252
254
255
257
258
259
260
261
262
264
265
267
268
270
271
273
274
276
277
279
280
281
282
283
284
286
287
289
290
292
293
295
296
298
299
300
301
302
303
305
306
308
309
311
312
314
315
317
318
319
320
321
322
323
324
325
327
328
330
331
333
334
336
337
339
340
341
342
343
344
346
347
349
350
352
353
355
356
358
359
360
361
362
363
365
366
368
369
371
372
374
375
377
378
379
380
381
382
383
384
385
387
388
390
391
393
394
396
397
399
400
401
402
403
404
405
406
407
409
410
412
413
415
416
418
419
421
422
423
424
425
426
428
429
431
432
434
435
437
438
440
441
442
443
444
445
447
448
450
451
453
454
456
457
459
460
461
462
463
464
466
467
469
470
472
473
475
476
478
479
481
482
483
484
485
486
488
489
491
492
494
495
497
498
500
501
502
503
504
505
507
508
510
511
513
514
516
517
519
520
521
522
523
524
525
526
527
529
530
532
533
535
536
538
539
541
542
543
544
545
546
548
549
551
552
554
555
557
558
560
561
562
563
564
565
566
567
568
569
570
571
573
574
576
577
579
580
582
583
584
585
586
587
589
590
592
593
595
596
598
599
601
602
603
604
605
606
608
609
611
612
614
615
617
618
620
621
623
624
625
626
627
628
630
631
633
634
636
637
639
640
642
643
645
646
647
649
650
652
653
655
656
658
659
661
662
664
665
666
667
668
669
671
672
674
675
677
678
680
681
683
684
685
686
687
688
690
691
693
694
696
697
699
700
702
703
705
706
707
708
709
710
712
713
715
716
718
719
721
722
724
725
726
727
728
729
731
732
734
735
737
738
740
741
743
744
745
746
747
748
750
751
753
754
756
757
759
760
762
763
765
766
767
768
769
770
772
773
775
776
778
779
781
782
784
785
787
788
789
791
792
794
795
797
798
800
801
803
804
805
806
807
808
809
810
811
813
814
816
817
819
820
822
823
825
826
829
830
832
833
835
836
838
839
841
842
844
845
846
847
848
849
851
852
854
855
857
858
860
861
863
864
866
867
868
869
870
871
873
874
876
877
879
880
882
883
884
885
886
888
889
890
892
893
895
896
898
899
901
902
904
905
907
908
909
910
911
912
914
915
917
918
920
921
923
924
926
927
928
929
930
931
933
934
936
937
939
940
942
943
945
946
948
949
950
951
952
953
955
956
958
959
961
962
964
965
967
968
969
971
972
974
975
977
978
980
981
983
984
986
987
989
990
991
993
994
996
997
999
1000
1002
1003
1005
1006
1008
1009
1010
1012
1013
1015
1016
1018
1019
1021
1022
1023
