-4096
-4095
-4094
-4093
-4092
-4091
-4090
-4089
-4081
-4080
-4079
-4078
-4077
-4076
-4069
-4068
-4067
-4066
-4065
-4064
-4056
-4055
-4054
-4053
-4052
-4051
-4044
-4043
-4042
-4041
-4040
-4039
-4031
-4030
-4029
-4028
-4027
-4026
-4018
-4017
-4016
-4015
-4014
-4013
-4006
-4005
-4004
-4003
-4002
-4001
-3993
-3992
-3991
-3990
-3989
-3988
-3981
-3980
-3979
-3978
-3977
-3976
-3968
-3967
-3966
-3965
-3964
-3963
-3956
-3955
-3954
-3953
-3952
-3951
-3943
-3942
-3941
-3940
-3939
-3938
-3930
-3929
-3928
-3927
-3926
-3925
-3917
-3916
-3915
-3914
-3913
-3905
-3904
-3903
-3902
-3901
-3900
-3899
-3893
-3892
-3891
-3890
-3889
-3888
-3887
-3880
-3879
-3878
-3877
-3876
-3875
-3874
-3867
-3866
-3865
-3864
-3863
-3862
-3854
-3853
-3852
-3851
-3850
-3849
-3842
-3841
-3840
-3839
-3838
-3837
-3829
-3828
-3827
-3826
-3825
-3824
-3817
-3816
-3815
-3814
-3813
-3812
-3811
-3804
-3803
-3802
-3801
-3800
-3799
-3791
-3790
-3788
-3787
-3786
-3779
-3778
-3777
-3776
-3775
-3774
-3766
-3765
-3764
-3763
-3762
-3761
-3754
-3753
-3752
-3751
-3750
-3749
-3748
-3741
-3740
-3739
-3738
-3737
-3736
-3728
-3727
-3726
-3725
-3724
-3723
-3715
-3714
-3713
-3712
-3711
-3710
-3703
-3702
-3701
-3700
-3699
-3698
-3691
-3690
-3689
-3688
-3687
-3686
-3685
-3677
-3676
-3675
-3674
-3673
-3665
-3664
-3663
-3662
-3661
-3660
-3652
-3651
-3650
-3649
-3648
-3647
-3640
-3639
-3638
-3637
-3636
-3635
-3628
-3627
-3626
-3625
-3624
-3623
-3622
-3615
-3614
-3613
-3612
-3611
-3610
-3602
-3601
-3600
-3599
-3598
-3597
-3589
-3588
-3587
-3586
-3585
-3584
-3577
-3576
-3575
-3574
-3573
-3572
-3564
-3563
-3562
-3561
-3560
-3559
-3552
-3551
-3550
-3549
-3548
-3547
-3546
-3539
-3538
-3537
-3536
-3535
-3534
-3526
-3525
-3524
-3523
-3522
-3521
-3514
-3513
-3512
-3511
-3510
-3509
-3501
-3500
-3499
-3498
-3497
-3496
-3488
-3487
-3486
-3485
-3484
-3483
-3476
-3475
-3474
-3473
-3472
-3471
-3463
-3462
-3461
-3460
-3459
-3458
-3451
-3450
-3449
-3447
-3446
-3445
-3438
-3437
-3436
-3435
-3434
-3433
-3425
-3424
-3423
-3422
-3421
-3420
-3413
-3412
-3411
-3410
-3409
-3408
-3407
-3400
-3399
-3398
-3397
-3396
-3395
-3388
-3387
-3386
-3385
-3384
-3383
-3382
-3375
-3374
-3373
-3372
-3371
-3370
-3369
-3362
-3361
-3360
-3359
-3358
-3357
-3350
-3349
-3348
-3347
-3346
-3345
-3344
-3337
-3336
-3335
-3334
-3333
-3332
-3324
-3323
-3322
-3321
-3320
-3319
-3312
-3311
-3310
-3309
-3308
-3307
-3299
-3298
-3297
-3296
-3295
-3294
-3286
-3285
-3284
-3283
-3282
-3281
-3274
-3273
-3272
-3271
-3270
-3269
-3261
-3260
-3259
-3258
-3257
-3256
-3255
-3249
-3248
-3247
-3245
-3244
-3243
-3236
-3235
-3234
-3233
-3232
-3231
-3223
-3222
-3220
-3219
-3218
-3211
-3210
-3209
-3208
-3207
-3206
-3205
-3198
-3197
-3196
-3195
-3194
-3193
-3185
-3184
-3183
-3182
-3181
-3180
-3173
-3172
-3171
-3170
-3169
-3168
-3160
-3159
-3158
-3157
-3156
-3155
-3147
-3146
-3145
-3144
-3143
-3135
-3134
-3133
-3132
-3131
-3130
-3123
-3122
-3121
-3120
-3119
-3118
-3117
-3110
-3109
-3108
-3107
-3106
-3105
-3104
-3097
-3096
-3095
-3094
-3093
-3092
-3084
-3083
-3082
-3081
-3080
-3079
-3072
-3071
-3070
-3069
-3068
-3067
-3059
-3058
-3057
-3056
-3055
-3054
-3047
-3046
-3045
-3044
-3043
-3042
-3041
-3034
-3033
-3032
-3031
-3030
-3029
-3022
-3021
-3020
-3019
-3018
-3017
-3016
-3009
-3008
-3007
-3005
-3004
-2996
-2995
-2994
-2993
-2992
-2991
-2984
-2983
-2982
-2981
-2980
-2979
-2978
-2971
-2970
-2969
-2968
-2967
-2966
-2965
-2958
-2957
-2956
-2955
-2954
-2953
-2946
-2945
-2944
-2943
-2942
-2941
-2940
-2933
-2932
-2931
-2930
-2929
-2928
-2921
-2920
-2919
-2918
-2917
-2916
-2915
-2908
-2907
-2906
-2905
-2904
-2903
-2895
-2894
-2893
-2892
-2891
-2890
-2883
-2882
-2881
-2880
-2879
-2878
-2877
-2870
-2869
-2868
-2867
-2866
-2865
-2857
-2856
-2855
-2854
-2853
-2852
-2845
-2844
-2843
-2842
-2841
-2840
-2832
-2831
-2830
-2829
-2828
-2827
-2819
-2818
-2817
-2816
-2815
-2814
-2807
-2806
-2805
-2804
-2803
-2802
-2794
-2793
-2792
-2791
-2790
-2789
-2782
-2781
-2780
-2779
-2778
-2777
-2776
-2769
-2768
-2767
-2766
-2765
-2764
-2756
-2755
-2754
-2753
-2752
-2751
-2744
-2743
-2742
-2741
-2740
-2739
-2731
-2730
-2729
-2728
-2727
-2726
-2718
-2717
-2716
-2715
-2714
-2713
-2706
-2705
-2704
-2703
-2702
-2701
-2700
-2693
-2692
-2691
-2690
-2689
-2688
-2680
-2679
-2678
-2677
-2676
-2675
-2668
-2667
-2666
-2665
-2664
-2663
-2662
-2655
-2654
-2653
-2652
-2651
-2650
-2643
-2642
-2641
-2640
-2639
-2638
-2637
-2631
-2630
-2629
-2628
-2627
-2626
-2625
-2618
-2617
-2616
-2615
-2614
-2613
-2612
-2605
-2604
-2603
-2602
-2601
-2600
-2599
-2592
-2591
-2590
-2589
-2588
-2587
-2580
-2579
-2578
-2577
-2576
-2575
-2574
-2567
-2566
-2565
-2564
-2563
-2562
-2554
-2553
-2552
-2551
-2550
-2549
-2542
-2541
-2540
-2539
-2538
-2537
-2536
-2529
-2528
-2527
-2526
-2525
-2524
-2516
-2515
-2514
-2513
-2512
-2511
-2504
-2503
-2502
-2501
-2500
-2499
-2492
-2491
-2490
-2489
-2488
-2487
-2486
-2479
-2478
-2477
-2476
-2475
-2474
-2473
-2466
-2465
-2464
-2463
-2462
-2461
-2454
-2453
-2452
-2451
-2450
-2449
-2448
-2441
-2440
-2439
-2438
-2437
-2436
-2428
-2427
-2426
-2425
-2424
-2423
-2415
-2414
-2413
-2412
-2411
-2410
-2403
-2402
-2401
-2400
-2399
-2398
-2390
-2389
-2388
-2387
-2386
-2385
-2378
-2377
-2376
-2375
-2374
-2373
-2372
-2365
-2364
-2363
-2362
-2361
-2360
-2352
-2351
-2350
-2349
-2348
-2347
-2340
-2339
-2338
-2337
-2336
-2335
-2327
-2326
-2325
-2324
-2323
-2322
-2315
-2314
-2313
-2312
-2311
-2310
-2309
-2303
-2302
-2301
-2300
-2299
-2298
-2297
-2290
-2289
-2288
-2287
-2286
-2285
-2284
-2277
-2276
-2275
-2274
-2273
-2272
-2271
-2264
-2263
-2262
-2261
-2260
-2259
-2252
-2251
-2250
-2249
-2248
-2247
-2246
-2239
-2238
-2237
-2236
-2235
-2234
-2226
-2225
-2224
-2223
-2222
-2221
-2214
-2213
-2212
-2211
-2210
-2209
-2208
-2201
-2200
-2199
-2198
-2197
-2196
-2189
-2188
-2187
-2186
-2185
-2184
-2183
-2176
-2175
-2174
-2173
-2172
-2171
-2170
-2163
-2162
-2161
-2160
-2159
-2158
-2150
-2149
-2148
-2147
-2146
-2145
-2138
-2137
-2136
-2135
-2134
-2133
-2132
-2125
-2124
-2123
-2122
-2121
-2120
-2113
-2112
-2111
-2110
-2109
-2108
-2107
-2100
-2099
-2098
-2097
-2096
-2095
-2088
-2087
-2086
-2085
-2084
-2083
-2082
-2075
-2074
-2073
-2072
-2071
-2070
-2069
-2062
-2061
-2060
-2059
-2058
-2057
-2050
-2049
-2048
-2047
-2046
-2045
-2044
-2037
-2036
-2035
-2034
-2033
-2032
-2024
-2023
-2022
-2021
-2020
-2019
-2012
-2011
-2010
-2009
-2008
-2007
-2006
-1999
-1998
-1997
-1996
-1995
-1994
-1987
-1986
-1985
-1984
-1983
-1982
-1981
-1974
-1973
-1972
-1971
-1970
-1969
-1961
-1960
-1959
-1958
-1957
-1956
-1949
-1948
-1947
-1946
-1945
-1944
-1943
-1936
-1935
-1934
-1933
-1932
-1931
-1923
-1922
-1921
-1920
-1919
-1918
-1911
-1910
-1909
-1908
-1907
-1906
-1905
-1898
-1897
-1896
-1895
-1894
-1893
-1885
-1884
-1883
-1882
-1881
-1880
-1873
-1872
-1871
-1870
-1869
-1868
-1867
-1860
-1859
-1858
-1857
-1856
-1855
-1848
-1847
-1846
-1845
-1844
-1843
-1842
-1835
-1834
-1833
-1832
-1831
-1830
-1829
-1822
-1821
-1820
-1819
-1818
-1817
-1810
-1809
-1808
-1807
-1806
-1805
-1804
-1797
-1796
-1795
-1794
-1793
-1792
-1785
-1784
-1783
-1782
-1781
-1780
-1779
-1772
-1771
-1770
-1769
-1768
-1767
-1766
-1759
-1758
-1757
-1756
-1755
-1754
-1747
-1746
-1745
-1744
-1743
-1742
-1741
-1734
-1733
-1732
-1731
-1730
-1729
-1722
-1721
-1720
-1719
-1718
-1717
-1716
-1709
-1708
-1707
-1706
-1705
-1704
-1703
-1696
-1695
-1694
-1693
-1692
-1691
-1684
-1683
-1682
-1681
-1680
-1679
-1678
-1671
-1670
-1669
-1668
-1667
-1666
-1665
-1658
-1657
-1656
-1655
-1654
-1653
-1646
-1645
-1644
-1643
-1642
-1641
-1640
-1633
-1632
-1631
-1630
-1629
-1628
-1627
-1620
-1619
-1618
-1617
-1616
-1615
-1608
-1607
-1606
-1605
-1604
-1603
-1602
-1595
-1594
-1593
-1592
-1591
-1590
-1583
-1582
-1581
-1580
-1579
-1578
-1577
-1570
-1569
-1568
-1567
-1566
-1565
-1564
-1558
-1557
-1556
-1555
-1554
-1553
-1552
-1545
-1544
-1543
-1542
-1541
-1540
-1539
-1532
-1531
-1530
-1529
-1528
-1527
-1519
-1518
-1517
-1516
-1515
-1514
-1507
-1506
-1505
-1504
-1503
-1502
-1501
-1494
-1493
-1492
-1491
-1490
-1489
-1482
-1481
-1480
-1479
-1478
-1477
-1476
-1469
-1468
-1467
-1466
-1465
-1464
-1463
-1456
-1455
-1454
-1453
-1452
-1451
-1444
-1443
-1442
-1441
-1440
-1439
-1438
-1431
-1430
-1429
-1428
-1427
-1426
-1425
-1419
-1418
-1417
-1416
-1415
-1414
-1413
-1406
-1405
-1404
-1403
-1402
-1401
-1400
-1393
-1392
-1391
-1390
-1389
-1388
-1381
-1380
-1379
-1378
-1377
-1376
-1375
-1368
-1367
-1366
-1365
-1364
-1363
-1362
-1356
-1355
-1354
-1353
-1352
-1351
-1350
-1343
-1342
-1341
-1340
-1339
-1338
-1337
-1331
-1330
-1329
-1328
-1327
-1326
-1325
-1318
-1317
-1316
-1315
-1314
-1313
-1312
-1305
-1304
-1303
-1302
-1301
-1300
-1299
-1292
-1291
-1290
-1289
-1288
-1287
-1280
-1279
-1278
-1277
-1276
-1275
-1274
-1267
-1266
-1265
-1264
-1263
-1262
-1261
-1255
-1254
-1253
-1252
-1251
-1250
-1249
-1242
-1241
-1240
-1239
-1238
-1237
-1236
-1229
-1228
-1227
-1226
-1225
-1224
-1217
-1216
-1215
-1214
-1213
-1212
-1211
-1204
-1203
-1202
-1201
-1200
-1199
-1198
-1192
-1191
-1190
-1189
-1188
-1187
-1186
-1185
-1179
-1178
-1177
-1176
-1175
-1174
-1173
-1166
-1165
-1164
-1163
-1162
-1161
-1160
-1154
-1153
-1152
-1151
-1150
-1149
-1148
-1147
-1141
-1140
-1139
-1138
-1137
-1136
-1135
-1128
-1127
-1126
-1125
-1124
-1123
-1122
-1116
-1115
-1114
-1113
-1112
-1111
-1110
-1103
-1102
-1101
-1100
-1099
-1098
-1097
-1090
-1089
-1088
-1087
-1086
-1085
-1084
-1078
-1077
-1076
-1075
-1074
-1073
-1072
-1065
-1064
-1063
-1062
-1061
-1060
-1059
-1053
-1052
-1051
-1050
-1049
-1048
-1047
-1040
-1039
-1038
-1037
-1036
-1035
-1034
-1027
-1026
-1025
-1024
-1023
-1022
-1021
-1015
-1014
-1013
-1012
-1011
-1010
-1009
-1002
-1001
-1000
-999
-998
-997
-996
-989
-988
-987
-986
-985
-984
-977
-976
-975
-974
-973
-972
-971
-965
-964
-963
-962
-961
-960
-959
-958
-952
-951
-950
-949
-948
-947
-946
-939
-938
-937
-936
-935
-934
-933
-926
-925
-924
-923
-922
-921
-920
-914
-913
-912
-911
-910
-909
-908
-901
-900
-899
-898
-897
-896
-895
-889
-888
-887
-886
-885
-884
-883
-876
-875
-874
-873
-872
-871
-870
-869
-864
-863
-862
-861
-860
-859
-858
-857
-851
-850
-849
-848
-847
-846
-845
-838
-837
-836
-835
-834
-833
-832
-826
-825
-824
-823
-822
-821
-820
-813
-812
-811
-810
-809
-808
-807
-806
-800
-799
-798
-797
-796
-795
-794
-788
-787
-786
-785
-784
-783
-782
-775
-774
-773
-772
-771
-770
-769
-762
-761
-760
-759
-758
-757
-756
-750
-749
-748
-747
-746
-745
-744
-737
-736
-735
-734
-733
-732
-731
-724
-723
-722
-721
-720
-719
-718
-712
-711
-710
-709
-708
-707
-706
-699
-698
-697
-696
-695
-694
-693
-687
-686
-685
-684
-683
-682
-681
-674
-673
-672
-671
-670
-669
-668
-661
-660
-659
-658
-657
-656
-655
-649
-648
-647
-646
-645
-644
-643
-636
-635
-634
-633
-632
-631
-630
-624
-623
-622
-621
-620
-619
-618
-617
-611
-610
-609
-608
-607
-606
-605
-598
-597
-596
-595
-594
-593
-592
-586
-585
-584
-583
-582
-581
-580
-579
-573
-572
-571
-570
-569
-568
-567
-560
-559
-558
-557
-556
-555
-554
-548
-547
-546
-545
-544
-543
-542
-535
-534
-533
-532
-531
-530
-529
-523
-522
-521
-520
-519
-518
-517
-516
-510
-509
-508
-507
-506
-505
-504
-497
-496
-495
-494
-493
-492
-491
-485
-484
-483
-482
-481
-480
-479
-472
-471
-470
-469
-468
-467
-466
-459
-458
-457
-456
-455
-454
-453
-447
-446
-445
-444
-443
-442
-441
-434
-433
-432
-431
-430
-429
-428
-422
-421
-420
-419
-418
-417
-416
-415
-409
-408
-407
-406
-405
-404
-403
-396
-395
-394
-393
-392
-391
-390
-384
-383
-382
-381
-380
-379
-378
-372
-371
-370
-369
-368
-367
-366
-365
-358
-357
-356
-355
-354
-353
-352
-346
-345
-344
-343
-342
-341
-340
-333
-332
-331
-330
-329
-328
-327
-321
-320
-319
-318
-317
-316
-315
-308
-307
-306
-305
-304
-303
-302
-295
-294
-293
-292
-291
-290
-289
-283
-282
-281
-280
-279
-278
-277
-270
-269
-268
-267
-266
-265
-264
-258
-257
-256
-255
-254
-253
-252
-251
-245
-244
-243
-242
-241
-240
-239
-232
-231
-230
-229
-228
-227
-226
-220
-219
-218
-217
-216
-215
-214
-207
-206
-205
-204
-203
-202
-201
-194
-193
-192
-191
-190
-189
-188
-182
-181
-180
-179
-178
-177
-176
-169
-168
-167
-166
-165
-164
-163
-156
-155
-154
-153
-152
-151
-150
-144
-143
-142
-141
-140
-139
-138
-131
-130
-129
-128
-127
-126
-125
-119
-118
-117
-116
-115
-114
-113
-112
-106
-105
-104
-103
-102
-101
-100
-93
-92
-91
-90
-89
-88
-87
-81
-80
-79
-78
-77
-76
-75
-68
-67
-66
-65
-64
-63
-62
-55
-54
-53
-52
-51
-50
-43
-42
-41
-40
-39
-38
-37
-30
-29
-28
-27
-26
-25
-24
-18
-17
-16
-15
-14
-13
-12
-5
-4
-3
-2
-1
0
1
8
9
10
11
12
13
14
20
21
22
23
24
25
26
33
34
35
36
37
38
39
46
47
48
49
50
51
52
58
59
60
61
62
63
64
71
72
73
74
75
76
77
84
85
86
87
88
89
96
97
98
99
100
101
102
109
110
111
112
113
114
121
122
123
124
125
126
127
134
135
136
137
138
139
140
147
148
149
150
151
152
159
160
161
162
163
164
165
172
173
174
175
176
177
184
185
186
187
188
189
190
197
198
199
200
201
202
203
210
211
212
213
214
215
222
223
224
225
226
227
228
235
236
237
238
239
240
241
247
248
249
250
251
252
253
260
261
262
263
264
265
266
273
274
275
276
277
278
279
285
286
287
288
289
290
291
298
299
300
301
302
303
304
311
312
313
314
315
316
324
325
326
327
328
329
336
337
338
339
340
341
342
348
349
350
351
352
353
354
355
361
362
363
364
365
366
367
374
375
376
377
378
379
386
387
388
389
390
391
392
399
400
401
402
403
404
405
411
412
413
414
415
416
417
418
424
425
426
427
428
429
430
437
438
439
440
441
442
443
449
450
451
452
453
454
455
462
463
464
465
466
467
468
475
476
477
478
479
480
481
488
489
490
491
492
493
500
501
502
503
504
505
506
512
513
514
515
516
517
518
525
526
527
528
529
530
531
538
539
540
541
542
543
544
551
552
553
554
555
556
563
564
565
566
567
568
569
576
577
578
579
580
581
588
589
590
591
592
593
594
601
602
603
604
605
606
607
614
615
616
617
618
619
620
627
628
629
630
631
632
639
640
641
642
643
644
652
653
654
655
656
657
664
665
666
667
668
669
670
677
678
679
680
681
682
683
689
690
691
692
693
694
695
702
703
704
705
706
707
708
715
716
717
718
719
720
728
729
730
731
732
733
740
741
742
743
744
745
753
754
755
756
757
758
765
766
767
768
769
770
771
778
779
780
781
782
783
790
791
792
793
794
795
796
803
804
805
806
807
808
809
816
817
818
819
820
821
828
829
830
831
832
833
834
841
842
843
844
845
846
853
854
855
856
857
858
859
866
867
868
869
870
871
872
879
880
881
882
883
884
892
893
894
895
896
897
904
905
906
907
908
909
917
918
919
920
921
922
929
930
931
932
933
934
935
942
943
944
945
946
947
954
955
956
957
958
959
960
967
968
969
970
971
972
973
980
981
982
983
984
985
992
993
994
995
996
997
998
1005
1006
1007
1008
1009
1010
1011
1018
1019
1020
1021
1022
1023
1030
1031
1032
1033
1034
1035
1036
1043
1044
1045
1046
1047
1048
1049
1056
1057
1058
1059
1060
1061
1068
1069
1070
1071
1072
1073
1074
1081
1082
1083
1084
1085
1086
1093
1094
1095
1096
1097
1098
1099
1106
1107
1108
1109
1110
1111
1119
1120
1121
1122
1123
1124
1131
1132
1133
1134
1135
1136
1137
1144
1145
1146
1147
1148
1149
1157
1158
1159
1160
1161
1162
1169
1170
1171
1172
1173
1174
1175
1182
1183
1184
1185
1186
1187
1194
1195
1196
1197
1198
1199
1200
1207
1208
1209
1210
1211
1212
1213
1220
1221
1222
1223
1224
1225
1232
1233
1234
1235
1236
1237
1238
1245
1246
1247
1248
1249
1250
1257
1258
1259
1260
1261
1262
1263
1270
1271
1272
1273
1274
1275
1276
1283
1284
1285
1286
1287
1288
1295
1296
1297
1298
1299
1300
1301
1308
1309
1310
1311
1312
1313
1314
1321
1322
1323
1324
1325
1326
1333
1334
1335
1337
1338
1339
1346
1347
1348
1349
1350
1351
1359
1360
1361
1362
1363
1364
1371
1372
1373
1374
1375
1376
1384
1385
1386
1387
1388
1389
1397
1398
1399
1400
1401
1402
1409
1410
1411
1412
1413
1414
1422
1423
1424
1425
1426
1427
1435
1436
1437
1438
1439
1440
1447
1448
1449
1450
1451
1452
1460
1461
1462
1463
1464
1465
1472
1473
1474
1475
1476
1477
1478
1484
1485
1486
1487
1488
1489
1490
1497
1498
1499
1500
1501
1502
1503
1510
1511
1512
1513
1514
1515
1516
1522
1523
1524
1525
1526
1527
1528
1535
1536
1537
1538
1539
1540
1541
1548
1549
1550
1551
1552
1553
1561
1562
1563
1564
1565
1566
1573
1574
1575
1576
1577
1578
1586
1587
1588
1589
1590
1591
1599
1600
1601
1602
1603
1604
1611
1612
1613
1614
1615
1616
1623
1624
1625
1626
1627
1628
1629
1636
1637
1638
1639
1640
1641
1642
1649
1650
1651
1652
1653
1654
1661
1662
1663
1664
1665
1666
1667
1674
1675
1676
1677
1678
1679
1687
1688
1689
1690
1691
1692
1699
1700
1701
1702
1703
1704
1705
1712
1713
1714
1715
1716
1717
1724
1725
1726
1727
1728
1729
1730
1738
1739
1740
1741
1742
1743
1750
1751
1752
1753
1754
1755
1763
1764
1766
1767
1768
1775
1776
1777
1778
1779
1780
1788
1789
1790
1791
1792
1793
1800
1801
1802
1803
1804
1805
1806
1813
1814
1815
1816
1817
1818
1826
1827
1828
1829
1830
1831
1839
1840
1841
1842
1843
1844
1851
1852
1853
1854
1855
1856
1864
1865
1866
1867
1868
1869
1876
1877
1878
1879
1880
1881
1889
1890
1891
1892
1893
1894
1902
1903
1905
1906
1907
1914
1915
1916
1917
1918
1919
1927
1928
1929
1930
1931
1932
1939
1940
1941
1942
1943
1944
1945
1952
1953
1954
1955
1956
1957
1964
1965
1966
1967
1968
1969
1970
1977
1978
1979
1980
1981
1982
1990
1991
1992
1993
1994
1995
2002
2003
2004
2005
2006
2007
2008
2015
2016
2017
2018
2019
2020
2028
2029
2030
2031
2032
2033
2040
2041
2042
2043
2044
2045
2046
2053
2054
2055
2056
2057
2058
2065
2066
2067
2068
2069
2070
2071
2078
2079
2080
2081
2082
2083
2084
2091
2092
2094
2095
2096
2103
2104
2105
2106
2107
2108
2116
2117
2118
2119
2120
2121
2129
2130
2131
2132
2133
2134
2142
2143
2144
2145
2146
2147
2154
2155
2156
2157
2158
2159
2166
2167
2168
2169
2170
2171
2172
2179
2180
2181
2182
2183
2184
2185
2192
2193
2194
2195
2196
2197
2205
2206
2207
2208
2209
2210
2217
2218
2219
2220
2221
2222
2230
2231
2232
2233
2234
2235
2242
2243
2244
2245
2246
2247
2248
2255
2256
2257
2258
2259
2260
2267
2268
2269
2271
2272
2273
2279
2280
2281
2282
2284
2285
2293
2294
2295
2296
2297
2298
2305
2306
2307
2308
2309
2310
2311
2318
2319
2320
2321
2322
2323
2331
2332
2333
2334
2335
2336
2343
2344
2345
2346
2347
2348
2356
2357
2358
2359
2360
2361
2368
2369
2370
2371
2372
2373
2374
2381
2382
2383
2384
2385
2386
2394
2395
2396
2397
2398
2399
2406
2407
2408
2409
2410
2411
2412
2419
2420
2421
2422
2423
2424
2432
2433
2435
2436
2437
2444
2445
2446
2447
2448
2449
2457
2458
2459
2460
2461
2462
2469
2470
2471
2473
2474
2475
2482
2483
2484
2485
2486
2487
2495
2496
2497
2498
2499
2500
2507
2508
2509
2510
2511
2512
2513
2520
2521
2522
2523
2524
2525
2532
2533
2534
2536
2537
2538
2545
2546
2547
2548
2549
2550
2558
2559
2560
2561
2562
2563
2571
2572
2574
2575
2583
2584
2585
2586
2587
2588
2596
2597
2598
2599
2600
2601
2608
2609
2610
2612
2613
2614
2621
2622
2623
2624
2625
2626
2633
2634
2635
2636
2637
2638
2639
2646
2647
2648
2649
2650
2651
2659
2660
2661
2662
2663
2664
2671
2672
2673
2674
2675
2676
2684
2685
2686
2687
2688
2689
2697
2698
2699
2700
2701
2702
2709
2710
2711
2713
2714
2722
2723
2724
2725
2726
2727
2734
2735
2736
2737
2738
2739
2740
2747
2748
2749
2750
2751
2752
2760
2761
2762
2763
2764
2765
2772
2773
2774
2776
2777
2778
2785
2786
2787
2788
2789
2790
2797
2798
2799
2800
2801
2802
2811
2812
2813
2814
2815
2822
2823
2824
2825
2826
2827
2828
2835
2836
2837
2838
2839
2840
2841
2848
2849
2850
2851
2852
2853
2860
2861
2862
2864
2865
2866
2873
2874
2875
2877
2878
2879
2886
2887
2888
2889
2890
2891
2899
2900
2901
2902
2903
2904
2911
2912
2913
2915
2916
2917
2924
2925
2926
2927
2928
2929
2936
2937
2938
2939
2940
2941
2942
2949
2950
2951
2952
2953
2954
2955
2961
2962
2963
2964
2965
2966
2967
2975
2976
2977
2978
2979
2980
2987
2988
2989
2990
2991
2992
3000
3001
3002
3003
3004
3005
3012
3013
3014
3015
3016
3017
3024
3025
3026
3027
3028
3029
3030
3037
3038
3039
3040
3041
3042
3050
3051
3052
3053
3054
3055
3063
3064
3065
3066
3067
3068
3075
3076
3077
3078
3079
3080
3088
3089
3090
3091
3092
3093
3101
3102
3103
3104
3105
3106
3113
3114
3115
3116
3117
3118
3119
3126
3127
3128
3129
3130
3131
3138
3139
3140
3142
3143
3151
3152
3153
3154
3155
3156
3164
3165
3166
3167
3168
3169
3176
3177
3178
3180
3181
3189
3190
3191
3192
3193
3194
3202
3203
3205
3206
3207
3214
3215
3216
3217
3218
3219
3220
3227
3228
3229
3230
3231
3232
3239
3240
3241
3243
3244
3252
3253
3254
3255
3256
3257
3265
3266
3268
3269
3270
3277
3278
3279
3280
3281
3282
3290
3291
3292
3293
3294
3295
3302
3303
3304
3306
3307
3316
3317
3318
3319
3320
3321
3328
3329
3331
3332
3333
3341
3342
3344
3345
3353
3354
3355
3356
3357
3358
3366
3367
3368
3369
3370
3378
3379
3380
3381
3382
3383
3384
3391
3392
3393
3394
3395
3396
3404
3405
3406
3407
3408
3409
3416
3417
3418
3420
3421
3429
3430
3431
3432
3433
3434
3442
3443
3444
3445
3446
3454
3455
3456
3458
3459
3467
3468
3469
3470
3471
3472
3479
3480
3481
3482
3483
3484
3492
3493
3494
3495
3496
3497
3504
3505
3506
3508
3509
3510
3517
3518
3519
3520
3521
3522
3530
3531
3533
3534
3535
3536
3543
3544
3545
3546
3547
3555
3556
3557
3558
3559
3560
3568
3569
3570
3571
3572
3580
3581
3582
3583
3584
3585
3593
3594
3595
3596
3597
3598
3605
3606
3607
3609
3610
3618
3619
3620
3621
3622
3623
3631
3632
3633
3634
3635
3636
3643
3644
3645
3647
3648
3656
3657
3658
3659
3660
3661
3669
3670
3671
3672
3673
3674
3681
3682
3683
3685
3686
3694
3695
3697
3698
3699
3706
3707
3708
3709
3710
3711
3712
3719
3720
3721
3722
3723
3724
3732
3733
3734
3735
3736
3737
3745
3746
3748
3749
3757
3758
3759
3760
3761
3762
3770
3771
3772
3773
3774
3775
3783
3784
3785
3786
3787
3795
3796
3798
3799
3800
3807
3808
3809
3811
3812
3820
3821
3822
3823
3824
3825
3833
3834
3835
3836
3837
3838
3845
3846
3847
3848
3849
3850
3851
3858
3859
3860
3861
3862
3871
3872
3873
3874
3875
3876
3884
3885
3886
3887
3888
3896
3897
3898
3899
3900
3901
3908
3909
3910
3912
3913
3921
3922
3923
3924
3925
3926
3934
3935
3936
3937
3938
3939
3946
3947
3948
3949
3950
3951
3959
3960
3961
3962
3963
3964
3972
3973
3974
3975
3976
3984
3985
3986
3987
3988
3989
3997
3998
3999
4000
4001
4002
4009
4010
4011
4013
4014
4015
4022
4023
4024
4026
4027
4035
4036
4037
4038
4039
4040
4048
4049
4050
4051
4052
4060
4061
4062
4063
4064
4065
4072
4073
4074
4076
4077
4085
4086
4087
4089
4090
4094
4095
