-2048
-2047
-2046
-2045
-2041
-2040
-2039
-2038
-2035
-2034
-2033
-2032
-2028
-2027
-2026
-2022
-2021
-2020
-2016
-2015
-2014
-2013
-2009
-2008
-2007
-2003
-2002
-2001
-1997
-1996
-1995
-1994
-1991
-1990
-1989
-1988
-1984
-1983
-1982
-1978
-1977
-1976
-1972
-1971
-1970
-1969
-1965
-1964
-1963
-1959
-1958
-1957
-1953
-1952
-1951
-1950
-1947
-1946
-1945
-1944
-1940
-1939
-1938
-1937
-1934
-1933
-1932
-1931
-1927
-1926
-1925
-1921
-1920
-1919
-1915
-1914
-1913
-1912
-1909
-1908
-1907
-1906
-1902
-1901
-1900
-1896
-1895
-1894
-1893
-1890
-1889
-1888
-1887
-1883
-1882
-1881
-1877
-1876
-1875
-1874
-1871
-1870
-1869
-1868
-1864
-1863
-1862
-1858
-1857
-1856
-1855
-1852
-1851
-1850
-1849
-1846
-1845
-1844
-1843
-1839
-1838
-1837
-1833
-1832
-1831
-1830
-1826
-1825
-1824
-1820
-1819
-1818
-1814
-1813
-1812
-1811
-1808
-1807
-1806
-1805
-1801
-1800
-1799
-1795
-1794
-1793
-1792
-1789
-1788
-1787
-1786
-1782
-1781
-1780
-1776
-1775
-1774
-1773
-1770
-1769
-1768
-1767
-1763
-1762
-1761
-1757
-1756
-1755
-1751
-1750
-1749
-1748
-1744
-1743
-1742
-1738
-1737
-1736
-1732
-1731
-1730
-1729
-1726
-1725
-1724
-1723
-1719
-1718
-1717
-1713
-1712
-1711
-1710
-1707
-1706
-1705
-1704
-1700
-1699
-1698
-1694
-1693
-1692
-1691
-1688
-1687
-1686
-1685
-1681
-1680
-1679
-1675
-1674
-1673
-1672
-1669
-1668
-1667
-1666
-1662
-1661
-1660
-1656
-1655
-1654
-1650
-1649
-1648
-1647
-1643
-1642
-1641
-1637
-1636
-1635
-1631
-1630
-1629
-1628
-1625
-1624
-1623
-1622
-1618
-1617
-1616
-1612
-1611
-1610
-1609
-1606
-1605
-1604
-1603
-1599
-1598
-1597
-1593
-1592
-1591
-1590
-1587
-1586
-1585
-1584
-1580
-1579
-1578
-1574
-1573
-1572
-1568
-1567
-1566
-1565
-1562
-1561
-1560
-1559
-1555
-1554
-1553
-1552
-1549
-1548
-1547
-1546
-1542
-1541
-1540
-1536
-1535
-1534
-1530
-1529
-1528
-1527
-1524
-1523
-1522
-1521
-1517
-1516
-1515
-1511
-1510
-1509
-1508
-1505
-1504
-1503
-1502
-1498
-1497
-1496
-1492
-1491
-1490
-1489
-1486
-1485
-1484
-1483
-1479
-1478
-1477
-1473
-1472
-1471
-1470
-1467
-1466
-1465
-1464
-1461
-1460
-1459
-1458
-1454
-1453
-1452
-1448
-1447
-1446
-1445
-1442
-1441
-1440
-1439
-1435
-1434
-1433
-1429
-1428
-1427
-1426
-1423
-1422
-1421
-1420
-1416
-1415
-1414
-1410
-1409
-1408
-1407
-1404
-1403
-1402
-1401
-1397
-1396
-1395
-1391
-1390
-1389
-1388
-1385
-1384
-1383
-1382
-1378
-1377
-1376
-1372
-1371
-1370
-1366
-1365
-1364
-1363
-1359
-1358
-1357
-1353
-1352
-1351
-1350
-1347
-1346
-1345
-1344
-1340
-1339
-1338
-1334
-1333
-1332
-1331
-1328
-1327
-1326
-1325
-1322
-1321
-1320
-1319
-1316
-1315
-1314
-1313
-1309
-1308
-1307
-1306
-1303
-1302
-1301
-1300
-1296
-1295
-1294
-1290
-1289
-1288
-1287
-1284
-1283
-1282
-1281
-1277
-1276
-1275
-1271
-1270
-1269
-1268
-1265
-1264
-1263
-1262
-1258
-1257
-1256
-1252
-1251
-1250
-1246
-1245
-1244
-1243
-1240
-1239
-1238
-1237
-1233
-1232
-1231
-1227
-1226
-1225
-1224
-1221
-1220
-1219
-1218
-1214
-1213
-1212
-1208
-1207
-1206
-1205
-1202
-1201
-1200
-1199
-1195
-1194
-1193
-1189
-1188
-1187
-1186
-1183
-1182
-1181
-1180
-1176
-1175
-1174
-1170
-1169
-1168
-1164
-1163
-1162
-1161
-1158
-1157
-1156
-1155
-1152
-1151
-1150
-1149
-1145
-1144
-1143
-1142
-1139
-1138
-1137
-1136
-1132
-1131
-1130
-1126
-1125
-1124
-1123
-1120
-1119
-1118
-1117
-1113
-1112
-1111
-1107
-1106
-1105
-1104
-1101
-1100
-1099
-1098
-1095
-1094
-1093
-1092
-1088
-1087
-1086
-1085
-1082
-1081
-1080
-1079
-1075
-1074
-1073
-1069
-1068
-1067
-1066
-1063
-1062
-1061
-1060
-1057
-1056
-1055
-1054
-1050
-1049
-1048
-1044
-1043
-1042
-1041
-1038
-1037
-1036
-1035
-1031
-1030
-1029
-1025
-1024
-1023
-1022
-1019
-1018
-1017
-1016
-1012
-1011
-1010
-1006
-1005
-1004
-1003
-1000
-999
-998
-997
-994
-993
-992
-991
-987
-986
-985
-981
-980
-979
-978
-975
-974
-973
-972
-968
-967
-966
-962
-961
-960
-959
-956
-955
-954
-953
-949
-948
-947
-943
-942
-941
-940
-937
-936
-935
-934
-930
-929
-928
-924
-923
-922
-921
-918
-917
-916
-915
-911
-910
-909
-905
-904
-903
-902
-899
-898
-897
-896
-893
-892
-891
-890
-886
-885
-884
-883
-880
-879
-878
-877
-874
-873
-872
-871
-867
-866
-865
-861
-860
-859
-858
-855
-854
-853
-852
-848
-847
-846
-842
-841
-840
-839
-836
-835
-834
-833
-829
-828
-827
-823
-822
-821
-820
-817
-816
-815
-814
-810
-809
-808
-804
-803
-802
-801
-798
-797
-796
-795
-792
-791
-790
-789
-785
-784
-783
-782
-779
-778
-777
-776
-773
-772
-771
-770
-766
-765
-764
-760
-759
-758
-757
-754
-753
-752
-751
-747
-746
-745
-741
-740
-739
-738
-735
-734
-733
-732
-728
-727
-726
-722
-721
-720
-719
-716
-715
-714
-713
-710
-709
-708
-707
-703
-702
-701
-700
-697
-696
-695
-694
-691
-690
-689
-688
-684
-683
-682
-681
-678
-677
-676
-675
-672
-671
-670
-669
-666
-665
-664
-663
-659
-658
-657
-656
-653
-652
-651
-650
-646
-645
-644
-640
-639
-638
-637
-634
-633
-632
-631
-628
-627
-626
-625
-621
-620
-619
-618
-615
-614
-613
-612
-609
-608
-607
-606
-602
-601
-600
-599
-596
-595
-594
-593
-590
-589
-588
-587
-583
-582
-581
-580
-577
-576
-575
-574
-571
-570
-569
-568
-564
-563
-562
-561
-558
-557
-556
-555
-552
-551
-550
-549
-545
-544
-543
-542
-539
-538
-537
-536
-533
-532
-531
-530
-527
-526
-525
-524
-520
-519
-518
-517
-514
-513
-512
-511
-508
-507
-506
-505
-501
-500
-499
-498
-495
-494
-493
-492
-489
-488
-487
-486
-483
-482
-481
-480
-479
-476
-475
-474
-473
-470
-469
-468
-467
-463
-462
-461
-460
-457
-456
-455
-454
-451
-450
-449
-448
-445
-444
-443
-442
-438
-437
-436
-435
-432
-431
-430
-429
-426
-425
-424
-423
-419
-418
-417
-416
-413
-412
-411
-410
-407
-406
-405
-404
-403
-400
-399
-398
-397
-394
-393
-392
-391
-388
-387
-386
-385
-381
-380
-379
-378
-375
-374
-373
-372
-369
-368
-367
-366
-362
-361
-360
-359
-356
-355
-354
-353
-350
-349
-348
-347
-344
-343
-342
-341
-337
-336
-335
-334
-331
-330
-329
-328
-325
-324
-323
-322
-318
-317
-316
-315
-312
-311
-310
-309
-306
-305
-304
-303
-299
-298
-297
-296
-293
-292
-291
-290
-287
-286
-285
-284
-280
-279
-278
-277
-274
-273
-272
-271
-268
-267
-266
-265
-262
-261
-260
-259
-258
-255
-254
-253
-252
-249
-248
-247
-246
-243
-242
-241
-240
-236
-235
-234
-233
-230
-229
-228
-227
-224
-223
-222
-221
-217
-216
-215
-214
-211
-210
-209
-208
-205
-204
-203
-202
-198
-197
-196
-195
-192
-191
-190
-189
-186
-185
-184
-183
-179
-178
-177
-176
-173
-172
-171
-170
-167
-166
-165
-164
-161
-160
-159
-158
-154
-153
-152
-151
-148
-147
-146
-145
-142
-141
-140
-139
-135
-134
-133
-132
-129
-128
-127
-126
-123
-122
-121
-120
-116
-115
-114
-113
-110
-109
-108
-107
-104
-103
-102
-101
-97
-96
-95
-94
-91
-90
-89
-88
-85
-84
-83
-82
-78
-77
-76
-75
-72
-71
-70
-69
-66
-65
-64
-63
-60
-59
-58
-57
-56
-53
-52
-51
-50
-47
-46
-45
-44
-41
-40
-39
-38
-34
-33
-32
-31
-28
-27
-26
-25
-22
-21
-20
-19
-15
-14
-13
-12
-9
-8
-7
-6
-3
-2
-1
0
4
5
6
7
10
11
12
13
16
17
18
19
23
24
25
26
29
30
31
32
35
36
37
38
42
43
44
48
49
50
51
54
55
56
57
60
61
62
63
67
68
69
70
73
74
75
76
79
80
81
82
86
87
88
92
93
94
95
98
99
100
101
105
106
107
111
112
113
114
117
118
119
120
123
124
125
126
130
131
132
133
136
137
138
139
142
143
144
145
149
150
151
152
155
156
157
158
162
163
164
168
169
170
171
174
175
176
177
180
181
182
183
187
188
189
193
194
195
196
199
200
201
202
205
206
207
208
209
212
213
214
215
218
219
220
221
224
225
226
227
231
232
233
234
237
238
239
240
244
245
246
250
251
252
253
256
257
258
259
262
263
264
265
269
270
271
272
275
276
277
278
281
282
283
284
288
289
290
294
295
296
297
300
301
302
303
307
308
309
310
313
314
315
316
319
320
321
322
326
327
328
332
333
334
335
338
339
340
341
344
345
346
347
351
352
353
354
357
358
359
360
364
365
366
370
371
372
376
377
378
379
382
383
384
385
389
390
391
395
396
397
398
401
402
403
404
408
409
410
414
415
416
417
420
421
422
423
426
427
428
429
433
434
435
436
439
440
441
442
446
447
448
452
453
454
458
459
460
461
464
465
466
467
471
472
473
477
478
479
480
483
484
485
486
490
491
492
496
497
498
499
502
503
504
505
509
510
511
515
516
517
518
521
522
523
524
528
529
530
534
535
536
537
540
541
542
543
546
547
548
549
553
554
555
559
560
561
562
565
566
567
568
572
573
574
578
579
580
581
584
585
586
587
591
592
593
597
598
599
600
603
604
605
606
610
611
612
616
617
618
619
622
623
624
625
628
629
630
631
635
636
637
638
641
642
643
644
647
648
649
650
654
655
656
657
660
661
662
663
666
667
668
669
673
674
675
679
680
681
682
685
686
687
688
692
693
694
698
699
700
701
704
705
706
707
711
712
713
717
718
719
720
723
724
725
726
730
731
732
736
737
738
739
742
743
744
745
748
749
750
751
755
756
757
758
761
762
763
764
767
768
769
770
774
775
776
780
781
782
783
786
787
788
789
793
794
795
799
800
801
802
805
806
807
808
811
812
813
814
818
819
820
821
824
825
826
827
830
831
832
833
837
838
839
843
844
845
846
849
850
851
852
856
857
858
862
863
864
865
869
870
871
875
876
877
881
882
883
884
887
888
889
890
894
895
896
900
901
902
903
906
907
908
909
913
914
915
919
920
921
922
925
926
927
928
932
933
934
938
939
940
944
945
946
947
951
952
953
957
958
959
963
964
965
966
969
970
971
972
976
977
978
982
983
984
985
988
989
990
991
995
996
997
1001
1002
1003
1004
1007
1008
1009
1010
1014
1015
1016
1020
1021
1022
1023
1026
1027
1028
1029
1032
1033
1034
1035
1039
1040
1041
1042
1045
1046
1047
1048
1051
1052
1053
1054
1058
1059
1060
1064
1065
1066
1067
1071
1072
1073
1077
1078
1079
1083
1084
1085
1086
1089
1090
1091
1092
1096
1097
1098
1102
1103
1104
1105
1108
1109
1110
1111
1115
1116
1117
1121
1122
1123
1124
1127
1128
1129
1130
1133
1134
1135
1136
1139
1140
1141
1142
1146
1147
1148
1149
1152
1153
1154
1155
1159
1160
1161
1165
1166
1167
1168
1171
1172
1173
1174
1178
1179
1180
1184
1185
1186
1187
1190
1191
1192
1193
1197
1198
1199
1203
1204
1205
1206
1209
1210
1211
1212
1216
1217
1218
1222
1223
1224
1228
1229
1230
1231
1234
1235
1236
1237
1241
1242
1243
1247
1248
1249
1250
1253
1254
1255
1256
1260
1261
1262
1266
1267
1268
1269
1272
1273
1274
1275
1279
1280
1281
1285
1286
1287
1291
1292
1293
1294
1298
1299
1300
1304
1305
1306
1307
1310
1311
1312
1313
1316
1317
1318
1319
1323
1324
1325
1329
1330
1331
1332
1335
1336
1337
1338
1342
1343
1344
1348
1349
1350
1351
1354
1355
1356
1357
1361
1362
1363
1367
1368
1369
1370
1373
1374
1375
1376
1380
1381
1382
1386
1387
1388
1389
1392
1393
1394
1395
1398
1399
1400
1401
1405
1406
1407
1411
1412
1413
1414
1417
1418
1419
1420
1424
1425
1426
1430
1431
1432
1433
1436
1437
1438
1439
1443
1444
1445
1449
1450
1451
1452
1455
1456
1457
1458
1462
1463
1464
1468
1469
1470
1471
1474
1475
1476
1477
1480
1481
1482
1483
1487
1488
1489
1490
1493
1494
1495
1496
1500
1501
1502
1506
1507
1508
1512
1513
1514
1515
1518
1519
1520
1521
1525
1526
1527
1531
1532
1533
1534
1537
1538
1539
1540
1544
1545
1546
1550
1551
1552
1553
1556
1557
1558
1559
1563
1564
1565
1569
1570
1571
1575
1576
1577
1578
1582
1583
1584
1588
1589
1590
1594
1595
1596
1597
1601
1602
1603
1607
1608
1609
1610
1613
1614
1615
1616
1619
1620
1621
1622
1626
1627
1628
1632
1633
1634
1635
1638
1639
1640
1641
1645
1646
1647
1651
1652
1653
1658
1659
1660
1664
1665
1666
1670
1671
1672
1676
1677
1678
1679
1683
1684
1685
1689
1690
1691
1692
1695
1696
1697
1698
1702
1703
1704
1708
1709
1710
1714
1715
1716
1717
1721
1722
1723
1727
1728
1729
1733
1734
1735
1736
1739
1740
1741
1742
1746
1747
1748
1752
1753
1754
1755
1758
1759
1760
1761
1765
1766
1767
1768
1771
1772
1773
1777
1778
1779
1780
1784
1785
1786
1790
1791
1792
1796
1797
1798
1799
1802
1803
1804
1805
1809
1810
1811
1815
1816
1817
1818
1821
1822
1823
1824
1828
1829
1830
1834
1835
1836
1837
1840
1841
1842
1843
1847
1848
1849
1853
1854
1855
1856
1859
1860
1861
1862
1866
1867
1868
1872
1873
1874
1878
1879
1880
1881
1885
1886
1887
1891
1892
1893
1897
1898
1899
1900
1903
1904
1905
1906
1910
1911
1912
1916
1917
1918
1919
1922
1923
1924
1925
1929
1930
1931
1935
1936
1937
1938
1942
1943
1944
1948
1949
1950
1954
1955
1956
1960
1961
1962
1963
1967
1968
1969
1973
1974
1975
1979
1980
1981
1982
1986
1987
1988
1992
1993
1994
1998
1999
2000
2001
2004
2005
2006
2007
2011
2012
2013
2017
2018
2019
2020
2024
2025
2026
2030
2031
2032
2036
2037
2038
2042
2043
2044
2045
2047
