-8192
-8191
-8190
-8189
-8188
-8187
-8186
-8185
-8184
-8182
-8181
-8180
-8179
-8178
-8162
-8161
-8160
-8159
-8157
-8156
-8155
-8154
-8153
-8152
-8138
-8137
-8136
-8135
-8134
-8132
-8131
-8130
-8129
-8128
-8127
-8112
-8111
-8110
-8109
-8107
-8106
-8105
-8104
-8103
-8102
-8101
-8087
-8086
-8085
-8084
-8083
-8081
-8080
-8079
-8078
-8077
-8062
-8061
-8060
-8059
-8058
-8055
-8054
-8053
-8052
-8051
-8036
-8035
-8034
-8033
-8032
-8031
-8030
-8029
-8028
-8027
-8026
-8012
-8011
-8010
-8009
-8008
-8007
-8005
-8004
-8003
-8002
-8001
-7986
-7985
-7984
-7983
-7982
-7980
-7979
-7978
-7977
-7976
-7961
-7960
-7959
-7958
-7957
-7955
-7954
-7953
-7952
-7951
-7935
-7934
-7933
-7932
-7929
-7928
-7927
-7926
-7911
-7910
-7909
-7908
-7907
-7906
-7905
-7904
-7903
-7902
-7901
-7885
-7884
-7883
-7882
-7881
-7879
-7878
-7877
-7876
-7875
-7860
-7859
-7858
-7857
-7856
-7853
-7852
-7851
-7850
-7834
-7833
-7832
-7831
-7830
-7829
-7828
-7827
-7826
-7825
-7809
-7808
-7807
-7806
-7805
-7803
-7802
-7801
-7800
-7799
-7798
-7785
-7784
-7783
-7782
-7781
-7780
-7778
-7777
-7776
-7775
-7774
-7760
-7759
-7758
-7757
-7756
-7755
-7753
-7752
-7751
-7750
-7749
-7748
-7733
-7732
-7731
-7730
-7729
-7727
-7726
-7725
-7724
-7723
-7708
-7707
-7706
-7705
-7704
-7702
-7701
-7700
-7699
-7698
-7683
-7682
-7681
-7680
-7677
-7676
-7675
-7674
-7673
-7658
-7657
-7656
-7655
-7654
-7652
-7651
-7650
-7649
-7648
-7633
-7632
-7631
-7630
-7629
-7627
-7626
-7625
-7624
-7623
-7622
-7607
-7606
-7605
-7604
-7603
-7601
-7600
-7599
-7598
-7597
-7582
-7581
-7580
-7579
-7576
-7575
-7574
-7573
-7572
-7571
-7558
-7557
-7556
-7555
-7554
-7553
-7552
-7551
-7550
-7549
-7548
-7547
-7531
-7530
-7529
-7528
-7526
-7525
-7524
-7523
-7522
-7507
-7506
-7505
-7504
-7503
-7502
-7501
-7500
-7499
-7498
-7497
-7496
-7481
-7480
-7479
-7478
-7477
-7475
-7474
-7473
-7472
-7471
-7456
-7455
-7454
-7453
-7452
-7450
-7449
-7448
-7447
-7446
-7430
-7429
-7428
-7427
-7425
-7424
-7423
-7422
-7421
-7420
-7405
-7404
-7403
-7402
-7400
-7399
-7398
-7397
-7396
-7395
-7381
-7380
-7379
-7378
-7377
-7376
-7374
-7373
-7372
-7371
-7370
-7369
-7354
-7353
-7352
-7351
-7350
-7349
-7348
-7347
-7346
-7345
-7330
-7329
-7328
-7327
-7326
-7323
-7322
-7321
-7320
-7304
-7303
-7302
-7301
-7300
-7299
-7298
-7297
-7296
-7295
-7294
-7279
-7278
-7277
-7276
-7275
-7274
-7273
-7272
-7271
-7270
-7269
-7255
-7254
-7253
-7252
-7251
-7250
-7248
-7247
-7246
-7245
-7244
-7243
-7229
-7228
-7227
-7226
-7225
-7224
-7222
-7221
-7220
-7219
-7204
-7203
-7202
-7201
-7200
-7199
-7197
-7196
-7195
-7194
-7193
-7178
-7177
-7176
-7175
-7174
-7171
-7170
-7169
-7168
-7153
-7152
-7151
-7150
-7149
-7147
-7146
-7145
-7144
-7143
-7128
-7127
-7126
-7125
-7124
-7122
-7121
-7120
-7119
-7118
-7117
-7103
-7102
-7101
-7100
-7099
-7098
-7097
-7096
-7095
-7094
-7093
-7092
-7077
-7076
-7075
-7074
-7073
-7072
-7071
-7070
-7069
-7068
-7067
-7052
-7051
-7050
-7049
-7048
-7046
-7045
-7044
-7043
-7042
-7027
-7026
-7025
-7024
-7023
-7021
-7020
-7019
-7018
-7017
-7002
-7001
-7000
-6999
-6998
-6995
-6994
-6993
-6992
-6991
-6976
-6975
-6974
-6973
-6972
-6970
-6969
-6968
-6967
-6966
-6965
-6951
-6950
-6949
-6948
-6945
-6944
-6943
-6942
-6941
-6926
-6925
-6924
-6923
-6922
-6920
-6919
-6918
-6917
-6916
-6901
-6900
-6899
-6898
-6897
-6894
-6893
-6892
-6891
-6890
-6875
-6874
-6873
-6872
-6871
-6870
-6869
-6868
-6867
-6866
-6865
-6850
-6849
-6848
-6847
-6846
-6844
-6843
-6842
-6841
-6840
-6825
-6824
-6823
-6822
-6821
-6819
-6818
-6817
-6816
-6815
-6814
-6800
-6799
-6798
-6797
-6796
-6795
-6793
-6792
-6791
-6790
-6789
-6775
-6774
-6773
-6772
-6771
-6769
-6768
-6767
-6766
-6765
-6764
-6750
-6748
-6747
-6746
-6745
-6743
-6742
-6741
-6740
-6739
-6738
-6724
-6723
-6722
-6721
-6720
-6718
-6717
-6716
-6715
-6714
-6713
-6699
-6698
-6697
-6696
-6695
-6694
-6693
-6692
-6691
-6690
-6689
-6688
-6673
-6672
-6671
-6670
-6669
-6668
-6667
-6666
-6665
-6664
-6663
-6648
-6647
-6646
-6645
-6644
-6641
-6640
-6639
-6638
-6623
-6622
-6621
-6620
-6619
-6617
-6616
-6615
-6614
-6613
-6598
-6597
-6596
-6595
-6594
-6593
-6591
-6590
-6589
-6588
-6587
-6572
-6571
-6570
-6569
-6568
-6566
-6565
-6564
-6563
-6562
-6548
-6547
-6546
-6545
-6544
-6543
-6541
-6540
-6539
-6538
-6537
-6521
-6520
-6519
-6518
-6516
-6515
-6514
-6513
-6512
-6510
-6497
-6496
-6495
-6494
-6493
-6490
-6489
-6488
-6487
-6486
-6471
-6470
-6469
-6468
-6465
-6464
-6463
-6462
-6461
-6446
-6445
-6444
-6443
-6440
-6439
-6438
-6437
-6436
-6421
-6420
-6419
-6418
-6417
-6415
-6414
-6413
-6412
-6411
-6410
-6395
-6394
-6393
-6392
-6391
-6389
-6388
-6387
-6386
-6385
-6370
-6369
-6368
-6367
-6365
-6364
-6363
-6362
-6361
-6360
-6346
-6345
-6344
-6343
-6342
-6341
-6339
-6338
-6337
-6336
-6335
-6320
-6319
-6318
-6317
-6316
-6313
-6312
-6311
-6310
-6309
-6294
-6293
-6292
-6291
-6289
-6288
-6287
-6286
-6285
-6270
-6269
-6268
-6267
-6266
-6265
-6263
-6262
-6261
-6260
-6259
-6245
-6244
-6243
-6242
-6241
-6240
-6238
-6237
-6236
-6235
-6234
-6219
-6218
-6217
-6216
-6215
-6213
-6212
-6211
-6210
-6209
-6208
-6194
-6193
-6192
-6191
-6190
-6188
-6187
-6186
-6185
-6184
-6168
-6167
-6166
-6165
-6164
-6162
-6161
-6160
-6159
-6158
-6157
-6143
-6142
-6141
-6140
-6139
-6137
-6136
-6135
-6134
-6133
-6118
-6117
-6116
-6115
-6114
-6111
-6110
-6109
-6108
-6093
-6092
-6091
-6090
-6089
-6087
-6086
-6085
-6084
-6083
-6082
-6067
-6066
-6065
-6064
-6063
-6062
-6061
-6060
-6059
-6058
-6057
-6043
-6042
-6041
-6040
-6039
-6038
-6036
-6035
-6034
-6033
-6032
-6017
-6016
-6015
-6014
-6010
-6009
-6008
-6007
-5992
-5991
-5990
-5989
-5988
-5985
-5984
-5983
-5982
-5981
-5967
-5966
-5965
-5964
-5963
-5961
-5960
-5959
-5958
-5957
-5956
-5942
-5941
-5940
-5939
-5938
-5937
-5935
-5934
-5933
-5932
-5931
-5930
-5916
-5915
-5914
-5913
-5912
-5910
-5909
-5908
-5907
-5906
-5905
-5892
-5891
-5890
-5889
-5888
-5887
-5886
-5885
-5884
-5883
-5882
-5881
-5880
-5865
-5864
-5863
-5862
-5859
-5858
-5857
-5856
-5855
-5841
-5840
-5839
-5838
-5837
-5836
-5834
-5833
-5832
-5831
-5830
-5815
-5814
-5813
-5812
-5811
-5809
-5808
-5807
-5806
-5805
-5790
-5789
-5788
-5787
-5786
-5783
-5782
-5781
-5780
-5779
-5765
-5764
-5763
-5762
-5761
-5759
-5758
-5757
-5756
-5755
-5754
-5739
-5738
-5737
-5736
-5735
-5733
-5732
-5731
-5730
-5729
-5714
-5713
-5712
-5711
-5710
-5708
-5707
-5706
-5705
-5704
-5689
-5688
-5687
-5686
-5685
-5684
-5683
-5682
-5681
-5680
-5679
-5663
-5662
-5661
-5660
-5658
-5657
-5656
-5655
-5654
-5653
-5638
-5637
-5636
-5635
-5634
-5632
-5631
-5630
-5629
-5628
-5627
-5613
-5612
-5611
-5610
-5609
-5607
-5606
-5605
-5604
-5603
-5588
-5587
-5586
-5585
-5584
-5582
-5581
-5580
-5579
-5578
-5577
-5563
-5562
-5561
-5560
-5559
-5558
-5557
-5556
-5555
-5554
-5553
-5552
-5538
-5537
-5536
-5535
-5534
-5533
-5531
-5530
-5529
-5528
-5527
-5512
-5511
-5510
-5509
-5508
-5507
-5506
-5505
-5504
-5503
-5502
-5487
-5486
-5485
-5484
-5483
-5481
-5480
-5479
-5478
-5477
-5462
-5461
-5460
-5459
-5458
-5456
-5455
-5454
-5453
-5452
-5451
-5436
-5435
-5434
-5433
-5431
-5430
-5429
-5428
-5427
-5426
-5411
-5410
-5409
-5408
-5407
-5405
-5404
-5403
-5402
-5401
-5400
-5386
-5385
-5384
-5383
-5382
-5380
-5379
-5378
-5377
-5376
-5360
-5359
-5358
-5357
-5355
-5354
-5353
-5352
-5351
-5350
-5336
-5335
-5334
-5333
-5332
-5331
-5329
-5328
-5327
-5326
-5325
-5324
-5310
-5309
-5308
-5307
-5306
-5304
-5303
-5302
-5301
-5300
-5285
-5284
-5283
-5282
-5281
-5280
-5279
-5278
-5277
-5276
-5275
-5274
-5261
-5260
-5259
-5258
-5257
-5256
-5255
-5254
-5253
-5252
-5251
-5250
-5249
-5235
-5234
-5233
-5232
-5231
-5230
-5229
-5228
-5227
-5226
-5225
-5224
-5223
-5210
-5209
-5208
-5207
-5206
-5205
-5204
-5203
-5202
-5201
-5200
-5199
-5198
-5184
-5183
-5182
-5181
-5180
-5178
-5177
-5176
-5175
-5174
-5173
-5159
-5158
-5157
-5156
-5155
-5154
-5153
-5152
-5151
-5150
-5149
-5148
-5133
-5132
-5131
-5130
-5128
-5127
-5126
-5125
-5124
-5123
-5108
-5107
-5106
-5105
-5104
-5102
-5101
-5100
-5099
-5098
-5083
-5082
-5081
-5080
-5079
-5077
-5076
-5075
-5074
-5073
-5072
-5058
-5057
-5056
-5055
-5054
-5053
-5052
-5051
-5050
-5049
-5048
-5047
-5032
-5031
-5030
-5029
-5027
-5026
-5025
-5024
-5023
-5022
-5008
-5007
-5006
-5005
-5004
-5003
-5001
-5000
-4999
-4998
-4997
-4983
-4982
-4981
-4980
-4979
-4978
-4975
-4974
-4973
-4972
-4971
-4957
-4956
-4955
-4954
-4953
-4951
-4950
-4949
-4948
-4947
-4946
-4932
-4931
-4930
-4929
-4928
-4927
-4926
-4925
-4924
-4923
-4922
-4921
-4907
-4906
-4905
-4904
-4903
-4902
-4900
-4899
-4898
-4897
-4896
-4895
-4881
-4880
-4879
-4878
-4877
-4875
-4874
-4873
-4872
-4871
-4856
-4855
-4854
-4853
-4852
-4851
-4849
-4848
-4847
-4846
-4845
-4830
-4829
-4828
-4827
-4825
-4824
-4823
-4822
-4821
-4820
-4805
-4804
-4803
-4802
-4801
-4799
-4798
-4797
-4796
-4795
-4780
-4779
-4778
-4777
-4776
-4774
-4773
-4772
-4771
-4770
-4769
-4756
-4755
-4754
-4753
-4752
-4751
-4750
-4749
-4748
-4747
-4746
-4745
-4744
-4730
-4729
-4728
-4727
-4726
-4723
-4722
-4721
-4720
-4719
-4704
-4703
-4702
-4701
-4700
-4698
-4697
-4696
-4695
-4694
-4693
-4679
-4678
-4677
-4676
-4675
-4674
-4673
-4672
-4671
-4670
-4669
-4654
-4653
-4652
-4651
-4650
-4649
-4648
-4647
-4646
-4645
-4644
-4643
-4629
-4628
-4627
-4626
-4625
-4624
-4622
-4621
-4620
-4619
-4618
-4605
-4603
-4602
-4601
-4600
-4599
-4597
-4596
-4595
-4594
-4593
-4579
-4578
-4577
-4576
-4575
-4574
-4573
-4572
-4571
-4570
-4569
-4568
-4567
-4553
-4552
-4551
-4550
-4549
-4548
-4547
-4546
-4545
-4544
-4543
-4542
-4528
-4527
-4526
-4525
-4524
-4522
-4521
-4520
-4519
-4518
-4517
-4503
-4502
-4501
-4500
-4499
-4498
-4496
-4495
-4494
-4493
-4492
-4491
-4477
-4476
-4475
-4474
-4473
-4471
-4470
-4469
-4468
-4467
-4452
-4451
-4450
-4449
-4448
-4447
-4446
-4445
-4444
-4443
-4442
-4441
-4427
-4426
-4425
-4424
-4423
-4422
-4421
-4420
-4419
-4418
-4417
-4416
-4401
-4400
-4399
-4398
-4395
-4394
-4393
-4392
-4391
-4377
-4376
-4375
-4374
-4373
-4372
-4370
-4369
-4368
-4367
-4366
-4351
-4350
-4349
-4348
-4347
-4345
-4344
-4343
-4342
-4341
-4340
-4326
-4325
-4324
-4323
-4322
-4321
-4320
-4319
-4318
-4317
-4316
-4315
-4300
-4299
-4298
-4297
-4296
-4295
-4294
-4293
-4292
-4291
-4290
-4275
-4274
-4273
-4272
-4271
-4270
-4269
-4268
-4267
-4266
-4265
-4264
-4250
-4249
-4248
-4247
-4246
-4244
-4243
-4242
-4241
-4240
-4239
-4225
-4224
-4223
-4222
-4221
-4220
-4219
-4218
-4217
-4216
-4215
-4214
-4199
-4198
-4197
-4196
-4195
-4194
-4193
-4192
-4191
-4190
-4189
-4175
-4174
-4173
-4172
-4171
-4170
-4169
-4168
-4167
-4166
-4165
-4164
-4150
-4149
-4148
-4147
-4146
-4145
-4143
-4142
-4141
-4140
-4139
-4137
-4124
-4123
-4122
-4121
-4120
-4119
-4118
-4117
-4116
-4115
-4114
-4113
-4099
-4098
-4097
-4096
-4095
-4094
-4092
-4091
-4090
-4089
-4088
-4073
-4072
-4071
-4070
-4069
-4067
-4066
-4065
-4064
-4063
-4048
-4047
-4046
-4045
-4044
-4042
-4041
-4040
-4039
-4038
-4037
-4023
-4022
-4021
-4020
-4019
-4018
-4017
-4016
-4015
-4014
-4013
-4012
-3997
-3996
-3995
-3994
-3993
-3992
-3991
-3990
-3989
-3988
-3987
-3973
-3972
-3971
-3970
-3969
-3968
-3966
-3965
-3964
-3963
-3962
-3947
-3946
-3945
-3944
-3943
-3941
-3940
-3939
-3938
-3937
-3922
-3921
-3920
-3919
-3918
-3917
-3915
-3914
-3913
-3912
-3911
-3897
-3896
-3895
-3894
-3893
-3892
-3891
-3890
-3889
-3888
-3887
-3886
-3885
-3872
-3871
-3870
-3869
-3868
-3867
-3865
-3864
-3863
-3862
-3861
-3846
-3845
-3844
-3843
-3842
-3840
-3839
-3838
-3837
-3836
-3835
-3821
-3820
-3819
-3818
-3817
-3815
-3814
-3813
-3812
-3811
-3809
-3796
-3795
-3794
-3793
-3792
-3791
-3790
-3789
-3788
-3787
-3786
-3785
-3770
-3769
-3768
-3767
-3766
-3764
-3763
-3762
-3761
-3760
-3759
-3745
-3744
-3743
-3742
-3741
-3739
-3738
-3737
-3736
-3735
-3734
-3720
-3719
-3718
-3717
-3716
-3715
-3714
-3713
-3712
-3711
-3710
-3709
-3695
-3694
-3693
-3692
-3691
-3690
-3689
-3688
-3687
-3686
-3685
-3684
-3670
-3669
-3668
-3667
-3666
-3665
-3664
-3663
-3662
-3661
-3660
-3659
-3658
-3644
-3643
-3642
-3641
-3640
-3639
-3638
-3637
-3636
-3635
-3634
-3633
-3619
-3618
-3617
-3616
-3615
-3614
-3612
-3611
-3610
-3609
-3608
-3594
-3593
-3592
-3591
-3590
-3589
-3588
-3587
-3586
-3585
-3584
-3583
-3569
-3568
-3567
-3566
-3565
-3564
-3562
-3561
-3560
-3559
-3558
-3557
-3543
-3542
-3541
-3540
-3539
-3538
-3537
-3536
-3535
-3534
-3533
-3532
-3518
-3517
-3516
-3515
-3514
-3512
-3511
-3510
-3509
-3508
-3507
-3493
-3492
-3491
-3490
-3489
-3488
-3486
-3485
-3484
-3483
-3482
-3481
-3467
-3466
-3465
-3464
-3463
-3462
-3461
-3460
-3459
-3458
-3457
-3444
-3442
-3441
-3440
-3439
-3438
-3437
-3436
-3435
-3434
-3433
-3432
-3417
-3416
-3415
-3414
-3413
-3411
-3410
-3409
-3408
-3407
-3406
-3391
-3390
-3389
-3388
-3387
-3386
-3385
-3384
-3383
-3382
-3381
-3367
-3366
-3365
-3364
-3363
-3362
-3361
-3360
-3359
-3358
-3357
-3356
-3341
-3340
-3339
-3338
-3337
-3335
-3334
-3333
-3332
-3331
-3330
-3316
-3315
-3314
-3313
-3312
-3309
-3308
-3307
-3306
-3305
-3291
-3290
-3289
-3288
-3287
-3286
-3285
-3284
-3283
-3282
-3281
-3280
-3266
-3265
-3264
-3263
-3262
-3261
-3259
-3258
-3257
-3256
-3255
-3254
-3240
-3239
-3238
-3237
-3236
-3235
-3234
-3233
-3232
-3231
-3230
-3229
-3215
-3214
-3213
-3212
-3211
-3209
-3208
-3207
-3206
-3205
-3204
-3190
-3189
-3188
-3187
-3186
-3185
-3184
-3183
-3182
-3181
-3180
-3179
-3165
-3164
-3163
-3162
-3161
-3160
-3159
-3158
-3157
-3156
-3155
-3154
-3140
-3139
-3138
-3137
-3136
-3135
-3133
-3132
-3131
-3130
-3129
-3128
-3115
-3114
-3113
-3112
-3111
-3110
-3108
-3107
-3106
-3105
-3104
-3103
-3090
-3089
-3088
-3087
-3086
-3085
-3084
-3083
-3082
-3081
-3080
-3079
-3078
-3063
-3062
-3061
-3060
-3059
-3057
-3056
-3055
-3054
-3053
-3038
-3037
-3036
-3035
-3034
-3032
-3031
-3030
-3029
-3028
-3027
-3013
-3012
-3011
-3010
-3009
-3007
-3006
-3005
-3004
-3003
-3002
-2988
-2987
-2986
-2985
-2984
-2983
-2982
-2981
-2980
-2979
-2978
-2977
-2963
-2962
-2961
-2960
-2959
-2958
-2956
-2955
-2954
-2953
-2952
-2951
-2938
-2937
-2936
-2935
-2934
-2933
-2931
-2930
-2929
-2928
-2927
-2926
-2912
-2911
-2910
-2909
-2908
-2907
-2906
-2905
-2904
-2903
-2902
-2901
-2887
-2886
-2885
-2884
-2883
-2882
-2881
-2880
-2879
-2878
-2877
-2876
-2862
-2861
-2860
-2859
-2858
-2857
-2856
-2855
-2854
-2853
-2852
-2851
-2850
-2837
-2836
-2835
-2834
-2833
-2832
-2831
-2830
-2829
-2828
-2827
-2826
-2811
-2810
-2809
-2808
-2807
-2805
-2804
-2803
-2802
-2801
-2800
-2799
-2786
-2785
-2784
-2783
-2782
-2780
-2779
-2778
-2777
-2776
-2775
-2761
-2760
-2759
-2758
-2757
-2756
-2754
-2753
-2752
-2751
-2750
-2735
-2734
-2733
-2732
-2731
-2730
-2729
-2728
-2727
-2726
-2725
-2724
-2723
-2711
-2710
-2709
-2708
-2707
-2706
-2704
-2703
-2702
-2701
-2700
-2699
-2685
-2684
-2683
-2682
-2681
-2680
-2679
-2678
-2677
-2676
-2675
-2674
-2673
-2661
-2660
-2659
-2658
-2657
-2656
-2655
-2654
-2653
-2652
-2651
-2650
-2649
-2635
-2634
-2633
-2632
-2631
-2630
-2628
-2627
-2626
-2625
-2624
-2623
-2610
-2609
-2608
-2607
-2606
-2605
-2604
-2603
-2602
-2601
-2600
-2599
-2598
-2584
-2583
-2582
-2581
-2580
-2579
-2578
-2577
-2576
-2575
-2574
-2573
-2559
-2558
-2557
-2556
-2555
-2554
-2553
-2552
-2551
-2550
-2549
-2548
-2534
-2533
-2532
-2531
-2530
-2529
-2528
-2527
-2526
-2525
-2524
-2523
-2522
-2509
-2508
-2507
-2506
-2505
-2504
-2502
-2501
-2500
-2499
-2498
-2497
-2483
-2482
-2481
-2480
-2479
-2478
-2477
-2476
-2475
-2474
-2473
-2472
-2458
-2457
-2456
-2455
-2454
-2453
-2452
-2451
-2450
-2449
-2448
-2447
-2433
-2432
-2431
-2430
-2429
-2428
-2427
-2426
-2425
-2424
-2423
-2422
-2407
-2406
-2405
-2404
-2403
-2402
-2401
-2400
-2399
-2398
-2397
-2396
-2383
-2382
-2381
-2380
-2379
-2378
-2377
-2376
-2375
-2374
-2373
-2372
-2371
-2370
-2358
-2357
-2356
-2355
-2354
-2353
-2352
-2351
-2350
-2349
-2348
-2347
-2346
-2345
-2332
-2331
-2330
-2329
-2328
-2327
-2326
-2325
-2324
-2323
-2322
-2321
-2320
-2307
-2306
-2305
-2304
-2303
-2302
-2301
-2300
-2299
-2298
-2297
-2296
-2295
-2294
-2282
-2281
-2280
-2279
-2278
-2277
-2276
-2275
-2274
-2273
-2272
-2271
-2270
-2256
-2255
-2254
-2253
-2252
-2251
-2250
-2249
-2248
-2247
-2246
-2245
-2244
-2231
-2230
-2229
-2228
-2227
-2226
-2225
-2224
-2223
-2222
-2221
-2220
-2219
-2206
-2205
-2204
-2203
-2202
-2201
-2200
-2199
-2198
-2197
-2196
-2195
-2194
-2180
-2179
-2178
-2177
-2176
-2175
-2174
-2173
-2172
-2171
-2170
-2169
-2168
-2155
-2154
-2153
-2152
-2151
-2150
-2149
-2148
-2147
-2146
-2145
-2144
-2130
-2129
-2128
-2127
-2126
-2125
-2124
-2123
-2122
-2121
-2120
-2119
-2118
-2105
-2104
-2103
-2102
-2101
-2100
-2098
-2097
-2096
-2095
-2094
-2093
-2079
-2078
-2077
-2076
-2075
-2074
-2073
-2072
-2071
-2070
-2069
-2068
-2054
-2053
-2052
-2051
-2050
-2049
-2048
-2047
-2046
-2045
-2044
-2043
-2042
-2029
-2028
-2027
-2026
-2025
-2024
-2023
-2022
-2021
-2020
-2019
-2018
-2004
-2003
-2002
-2001
-2000
-1999
-1997
-1996
-1995
-1994
-1993
-1992
-1978
-1977
-1976
-1975
-1974
-1973
-1972
-1971
-1970
-1969
-1968
-1967
-1953
-1952
-1951
-1950
-1949
-1948
-1947
-1946
-1945
-1944
-1943
-1942
-1929
-1928
-1927
-1926
-1925
-1924
-1923
-1922
-1921
-1920
-1919
-1918
-1917
-1916
-1903
-1902
-1901
-1900
-1899
-1898
-1897
-1896
-1895
-1894
-1893
-1892
-1891
-1877
-1876
-1875
-1874
-1873
-1872
-1871
-1870
-1869
-1868
-1867
-1866
-1852
-1851
-1850
-1849
-1848
-1847
-1846
-1845
-1844
-1843
-1842
-1841
-1840
-1827
-1826
-1825
-1824
-1823
-1822
-1821
-1820
-1819
-1818
-1817
-1816
-1815
-1802
-1801
-1800
-1799
-1798
-1797
-1796
-1795
-1794
-1793
-1792
-1791
-1790
-1777
-1776
-1775
-1774
-1773
-1772
-1771
-1770
-1769
-1768
-1767
-1766
-1765
-1752
-1751
-1750
-1749
-1748
-1747
-1746
-1745
-1744
-1743
-1742
-1741
-1740
-1738
-1727
-1726
-1725
-1724
-1723
-1722
-1721
-1720
-1719
-1718
-1717
-1716
-1715
-1714
-1701
-1700
-1699
-1698
-1697
-1696
-1695
-1694
-1693
-1692
-1691
-1690
-1689
-1676
-1675
-1674
-1673
-1672
-1671
-1670
-1669
-1668
-1667
-1666
-1665
-1664
-1651
-1650
-1649
-1648
-1647
-1646
-1645
-1644
-1643
-1642
-1641
-1640
-1639
-1625
-1624
-1623
-1622
-1621
-1620
-1619
-1618
-1617
-1616
-1615
-1614
-1613
-1612
-1600
-1599
-1598
-1597
-1596
-1595
-1594
-1593
-1592
-1591
-1590
-1589
-1588
-1575
-1574
-1573
-1572
-1571
-1570
-1569
-1568
-1567
-1566
-1565
-1564
-1563
-1549
-1548
-1547
-1546
-1545
-1544
-1543
-1542
-1541
-1540
-1539
-1538
-1537
-1524
-1523
-1522
-1521
-1520
-1519
-1518
-1517
-1516
-1515
-1514
-1513
-1512
-1499
-1498
-1497
-1496
-1495
-1494
-1493
-1492
-1491
-1490
-1489
-1488
-1487
-1474
-1473
-1472
-1471
-1470
-1469
-1468
-1467
-1466
-1465
-1464
-1463
-1462
-1461
-1448
-1447
-1446
-1445
-1444
-1443
-1442
-1441
-1440
-1439
-1438
-1437
-1436
-1423
-1422
-1421
-1420
-1419
-1418
-1417
-1416
-1415
-1414
-1413
-1412
-1411
-1398
-1397
-1396
-1395
-1394
-1393
-1392
-1391
-1390
-1389
-1388
-1387
-1386
-1373
-1372
-1371
-1370
-1369
-1368
-1367
-1366
-1365
-1364
-1363
-1362
-1361
-1347
-1346
-1345
-1344
-1343
-1342
-1341
-1340
-1339
-1338
-1337
-1336
-1335
-1322
-1321
-1320
-1319
-1318
-1317
-1316
-1315
-1314
-1313
-1312
-1311
-1310
-1297
-1296
-1295
-1294
-1293
-1292
-1291
-1290
-1289
-1288
-1287
-1286
-1285
-1272
-1271
-1270
-1269
-1268
-1267
-1266
-1265
-1264
-1263
-1262
-1261
-1260
-1247
-1246
-1245
-1244
-1243
-1242
-1241
-1240
-1239
-1238
-1237
-1236
-1235
-1234
-1222
-1221
-1220
-1219
-1218
-1217
-1216
-1215
-1214
-1213
-1212
-1211
-1210
-1209
-1196
-1195
-1194
-1193
-1192
-1191
-1190
-1189
-1188
-1187
-1186
-1185
-1184
-1171
-1170
-1169
-1168
-1167
-1166
-1165
-1164
-1163
-1162
-1161
-1160
-1159
-1158
-1146
-1145
-1144
-1143
-1142
-1141
-1140
-1139
-1138
-1137
-1136
-1135
-1134
-1133
-1120
-1119
-1118
-1117
-1116
-1115
-1114
-1113
-1112
-1111
-1110
-1109
-1108
-1095
-1094
-1093
-1092
-1091
-1090
-1089
-1088
-1087
-1086
-1085
-1084
-1083
-1070
-1069
-1068
-1067
-1066
-1065
-1064
-1063
-1062
-1061
-1060
-1059
-1058
-1045
-1044
-1043
-1042
-1041
-1040
-1039
-1038
-1037
-1036
-1035
-1034
-1033
-1032
-1019
-1018
-1017
-1016
-1015
-1014
-1013
-1012
-1011
-1010
-1009
-1008
-1007
-994
-993
-992
-991
-990
-989
-988
-987
-986
-985
-984
-983
-982
-969
-968
-967
-966
-965
-964
-963
-962
-961
-960
-959
-958
-957
-944
-943
-942
-941
-940
-939
-938
-937
-936
-935
-934
-933
-932
-931
-918
-917
-916
-915
-914
-913
-912
-911
-910
-909
-908
-907
-906
-893
-892
-891
-890
-889
-888
-887
-886
-885
-884
-883
-882
-881
-868
-867
-866
-865
-864
-863
-862
-861
-860
-859
-858
-857
-856
-843
-842
-841
-840
-839
-838
-837
-836
-835
-834
-833
-832
-831
-830
-818
-817
-816
-815
-814
-813
-812
-811
-810
-809
-808
-807
-806
-805
-792
-791
-790
-789
-788
-787
-786
-785
-784
-783
-782
-781
-780
-767
-766
-765
-764
-763
-762
-761
-760
-759
-758
-757
-756
-755
-743
-741
-740
-739
-738
-737
-736
-735
-734
-733
-732
-731
-730
-716
-715
-714
-713
-712
-711
-710
-709
-708
-707
-706
-705
-704
-691
-690
-689
-688
-687
-686
-685
-684
-683
-682
-681
-680
-679
-666
-665
-664
-663
-662
-661
-660
-659
-658
-657
-656
-655
-654
-641
-640
-639
-638
-637
-636
-635
-634
-633
-632
-631
-630
-629
-616
-615
-614
-613
-612
-611
-610
-609
-608
-607
-606
-605
-604
-590
-589
-588
-587
-586
-585
-584
-583
-582
-581
-580
-579
-578
-565
-564
-563
-562
-561
-560
-559
-558
-557
-556
-555
-554
-553
-540
-539
-538
-537
-536
-535
-534
-533
-532
-531
-530
-529
-528
-515
-514
-513
-512
-511
-510
-509
-508
-507
-506
-505
-504
-503
-502
-489
-488
-487
-486
-485
-484
-483
-482
-481
-480
-479
-478
-477
-464
-463
-462
-461
-460
-459
-458
-457
-456
-455
-454
-453
-452
-439
-438
-437
-436
-435
-434
-433
-432
-431
-430
-429
-428
-427
-413
-412
-411
-410
-409
-408
-407
-406
-405
-404
-403
-402
-401
-388
-387
-386
-385
-384
-383
-382
-381
-380
-379
-378
-377
-376
-363
-362
-361
-360
-359
-358
-357
-356
-355
-354
-353
-352
-351
-338
-337
-336
-335
-334
-333
-332
-331
-330
-329
-328
-327
-326
-312
-311
-310
-309
-308
-307
-306
-305
-304
-303
-302
-301
-300
-287
-286
-285
-284
-283
-282
-280
-279
-278
-277
-276
-275
-262
-261
-260
-259
-258
-257
-256
-255
-254
-253
-252
-251
-250
-237
-236
-235
-234
-233
-232
-231
-230
-229
-228
-227
-226
-225
-224
-211
-210
-209
-208
-207
-206
-205
-204
-203
-202
-201
-200
-186
-185
-184
-183
-182
-181
-180
-179
-178
-177
-176
-175
-174
-162
-161
-160
-159
-158
-157
-156
-155
-154
-153
-152
-151
-150
-149
-136
-135
-134
-133
-132
-131
-130
-129
-128
-127
-126
-125
-124
-110
-109
-108
-107
-106
-105
-104
-103
-102
-101
-100
-99
-85
-84
-83
-82
-81
-80
-79
-78
-77
-76
-75
-74
-73
-60
-59
-58
-57
-56
-55
-53
-52
-51
-50
-49
-48
-35
-34
-33
-32
-31
-30
-28
-27
-26
-25
-24
-23
-9
-8
-7
-6
-5
-4
-3
-2
-1
0
1
2
3
16
17
18
19
20
21
22
23
24
25
26
27
28
41
42
43
44
45
46
47
48
49
50
51
52
53
66
67
68
69
70
71
72
73
74
75
76
77
78
92
93
94
95
96
97
98
99
100
101
102
103
104
117
118
119
120
121
122
123
124
125
126
127
128
142
143
144
145
146
147
149
150
151
152
153
154
168
169
170
171
172
173
174
175
176
177
178
179
193
194
195
196
197
199
200
201
202
203
204
218
219
220
221
222
223
224
225
226
227
228
229
243
244
245
246
247
248
249
250
251
252
253
254
255
268
269
270
271
272
273
274
275
276
277
278
279
280
294
295
296
297
298
299
300
301
302
303
304
305
319
320
321
322
323
324
325
326
327
328
329
330
345
346
347
348
349
351
352
353
354
355
369
370
371
372
373
374
376
377
378
379
380
381
395
396
397
398
399
401
402
403
404
405
406
407
420
421
422
423
424
425
426
427
428
429
430
431
445
446
447
448
449
450
451
452
453
454
455
456
457
471
472
473
474
475
476
477
478
479
480
481
483
495
496
497
498
499
500
501
502
503
504
505
506
507
521
522
523
524
525
526
527
528
529
530
531
532
547
548
549
550
551
552
553
554
555
556
557
558
571
572
573
574
575
576
578
579
580
581
582
583
597
598
599
600
601
602
603
604
605
606
607
608
622
623
624
625
626
627
628
629
630
631
632
633
648
649
650
651
652
653
654
655
656
657
658
673
674
675
676
677
678
679
680
681
682
683
684
697
698
699
700
701
702
703
704
705
706
707
708
709
710
722
723
724
725
726
727
728
729
730
731
732
733
734
735
748
749
750
751
752
753
755
756
757
758
759
773
774
775
776
777
778
779
780
781
782
783
784
785
799
800
801
802
803
804
805
806
807
808
809
810
823
824
825
826
827
828
829
831
832
833
834
835
836
849
850
851
852
853
854
855
856
857
858
859
860
861
874
875
876
877
878
879
881
882
883
884
885
886
899
900
901
902
903
904
906
907
908
909
910
911
925
926
927
928
929
930
931
932
933
934
935
936
950
951
952
953
954
955
957
958
959
960
961
962
976
977
978
979
980
981
982
983
984
985
986
1001
1002
1003
1004
1005
1007
1008
1009
1010
1011
1012
1025
1026
1027
1028
1029
1030
1031
1032
1033
1034
1035
1036
1037
1051
1052
1053
1054
1055
1056
1057
1058
1059
1060
1061
1062
1077
1078
1079
1080
1081
1082
1083
1084
1085
1086
1087
1088
1102
1103
1104
1105
1106
1107
1108
1109
1110
1111
1112
1113
1126
1127
1128
1129
1130
1131
1132
1133
1134
1135
1136
1137
1138
1152
1153
1154
1155
1156
1157
1158
1159
1160
1161
1162
1163
1177
1178
1179
1180
1181
1182
1183
1184
1185
1186
1187
1188
1203
1204
1205
1206
1207
1208
1209
1210
1211
1212
1213
1214
1228
1229
1230
1231
1232
1233
1234
1235
1236
1237
1238
1239
1240
1254
1255
1256
1257
1258
1260
1261
1262
1263
1264
1278
1279
1280
1281
1282
1283
1285
1286
1287
1288
1289
1304
1305
1306
1307
1308
1310
1311
1312
1313
1314
1315
1328
1329
1330
1331
1332
1333
1335
1336
1337
1338
1339
1340
1354
1355
1356
1357
1358
1359
1360
1361
1362
1363
1364
1365
1366
1378
1380
1381
1382
1383
1384
1385
1386
1387
1388
1389
1390
1391
1405
1406
1407
1408
1409
1411
1412
1413
1414
1415
1416
1430
1431
1432
1433
1434
1435
1437
1438
1439
1440
1441
1456
1457
1458
1459
1460
1462
1463
1464
1465
1466
1481
1482
1483
1484
1485
1487
1488
1489
1490
1491
1506
1507
1508
1509
1510
1511
1512
1513
1514
1515
1516
1531
1532
1533
1534
1535
1536
1537
1538
1539
1540
1541
1542
1557
1558
1559
1560
1562
1563
1564
1565
1566
1567
1581
1582
1583
1584
1585
1586
1588
1589
1590
1591
1592
1593
1607
1608
1609
1610
1611
1613
1614
1615
1616
1617
1618
1632
1633
1634
1635
1636
1637
1639
1640
1641
1642
1643
1657
1658
1659
1660
1661
1662
1664
1665
1666
1667
1668
1682
1683
1684
1685
1686
1687
1688
1689
1690
1691
1692
1693
1707
1708
1709
1710
1711
1712
1714
1715
1716
1717
1718
1719
1733
1734
1735
1736
1737
1738
1739
1740
1741
1742
1743
1744
1758
1759
1760
1761
1762
1763
1764
1765
1766
1767
1768
1769
1784
1785
1786
1787
1788
1790
1791
1792
1793
1794
1808
1809
1810
1811
1812
1813
1815
1816
1817
1818
1819
1834
1835
1836
1837
1838
1839
1840
1841
1842
1843
1844
1845
1859
1860
1861
1862
1863
1864
1866
1867
1868
1869
1870
1884
1885
1886
1887
1888
1889
1890
1891
1892
1893
1894
1895
1909
1910
1911
1912
1913
1914
1916
1917
1918
1919
1920
1935
1936
1937
1938
1939
1941
1942
1943
1944
1945
1946
1960
1961
1962
1963
1964
1965
1966
1967
1968
1969
1970
1971
1985
1986
1987
1988
1989
1990
1992
1993
1994
1995
1996
2011
2012
2013
2014
2015
2016
2017
2018
2019
2020
2021
2022
2036
2037
2038
2039
2040
2041
2042
2043
2044
2045
2046
2047
2061
2062
2063
2064
2065
2067
2068
2069
2070
2071
2072
2086
2087
2088
2089
2090
2091
2092
2093
2094
2095
2096
2097
2099
2112
2113
2114
2115
2116
2118
2119
2120
2121
2122
2137
2138
2139
2140
2141
2142
2143
2144
2145
2146
2147
2148
2162
2163
2164
2165
2166
2168
2169
2170
2171
2172
2173
2187
2188
2189
2190
2191
2192
2194
2195
2196
2197
2198
2213
2214
2215
2216
2217
2219
2220
2221
2222
2223
2238
2239
2240
2241
2242
2243
2244
2245
2246
2247
2248
2263
2264
2265
2266
2267
2269
2270
2271
2272
2273
2274
2288
2289
2290
2291
2292
2293
2295
2296
2297
2298
2299
2314
2315
2316
2317
2318
2319
2320
2321
2322
2323
2324
2339
2340
2341
2342
2343
2345
2346
2347
2348
2349
2351
2364
2365
2366
2367
2368
2370
2371
2372
2373
2374
2375
2389
2390
2391
2392
2393
2394
2396
2397
2398
2399
2400
2415
2416
2417
2418
2419
2421
2422
2423
2424
2425
2426
2440
2441
2442
2443
2444
2446
2447
2448
2449
2450
2451
2465
2466
2467
2468
2469
2470
2471
2472
2473
2474
2475
2476
2491
2492
2493
2494
2495
2497
2498
2499
2500
2501
2515
2516
2517
2518
2519
2520
2522
2523
2524
2525
2526
2527
2541
2542
2543
2544
2545
2547
2548
2549
2550
2551
2552
2566
2567
2568
2569
2570
2573
2574
2575
2576
2577
2591
2592
2593
2594
2595
2596
2597
2598
2599
2600
2601
2602
2603
2616
2617
2618
2619
2620
2621
2623
2624
2625
2626
2627
2628
2643
2644
2645
2646
2647
2648
2649
2650
2651
2652
2667
2668
2669
2670
2671
2674
2675
2676
2677
2678
2693
2694
2695
2696
2699
2700
2701
2702
2703
2718
2719
2720
2721
2722
2723
2724
2725
2726
2727
2728
2743
2744
2745
2746
2747
2749
2750
2751
2752
2753
2768
2769
2770
2771
2772
2774
2775
2776
2777
2778
2779
2794
2795
2796
2797
2798
2799
2800
2801
2802
2803
2804
2819
2820
2821
2822
2823
2824
2826
2827
2828
2829
2844
2845
2846
2847
2848
2849
2850
2851
2852
2853
2854
2870
2871
2872
2873
2875
2876
2877
2878
2879
2880
2894
2895
2896
2897
2898
2900
2901
2902
2903
2904
2905
2920
2921
2922
2923
2924
2926
2927
2928
2929
2930
2931
2945
2946
2947
2948
2949
2951
2952
2953
2954
2955
2956
2969
2970
2971
2972
2973
2974
2977
2978
2979
2980
2981
2995
2996
2997
2998
2999
3000
3001
3002
3003
3004
3005
3006
3020
3021
3022
3023
3024
3025
3027
3028
3029
3030
3031
3032
3045
3046
3047
3048
3049
3050
3051
3052
3053
3054
3055
3056
3071
3072
3073
3074
3075
3076
3077
3078
3079
3080
3081
3082
3096
3097
3098
3099
3100
3102
3103
3104
3105
3106
3122
3123
3124
3125
3126
3128
3129
3130
3131
3132
3146
3147
3148
3149
3150
3151
3153
3154
3155
3156
3157
3172
3173
3174
3175
3176
3177
3178
3179
3180
3181
3182
3183
3198
3199
3200
3201
3203
3204
3205
3206
3207
3208
3222
3223
3224
3225
3226
3228
3229
3230
3231
3232
3233
3247
3248
3249
3250
3251
3252
3254
3255
3256
3257
3258
3273
3274
3275
3276
3277
3279
3280
3281
3282
3283
3285
3299
3300
3301
3302
3303
3305
3306
3307
3308
3309
3323
3324
3325
3326
3327
3328
3330
3331
3332
3333
3334
3335
3349
3350
3351
3352
3355
3356
3357
3358
3359
3374
3375
3376
3377
3378
3379
3381
3382
3383
3384
3399
3400
3401
3402
3403
3405
3406
3407
3408
3409
3410
3424
3425
3426
3427
3428
3429
3431
3432
3433
3434
3435
3449
3450
3451
3452
3453
3454
3456
3457
3458
3459
3460
3476
3477
3478
3479
3480
3481
3482
3483
3484
3485
3486
3500
3501
3502
3503
3504
3505
3507
3508
3509
3510
3511
3526
3527
3528
3529
3532
3533
3534
3535
3536
3551
3552
3553
3554
3555
3557
3558
3559
3560
3561
3576
3577
3578
3579
3580
3582
3583
3584
3585
3586
3601
3602
3603
3604
3605
3606
3607
3608
3609
3610
3611
3612
3627
3628
3629
3630
3631
3633
3634
3635
3636
3637
3652
3653
3654
3655
3656
3658
3659
3660
3661
3662
3663
3678
3679
3680
3681
3682
3683
3684
3685
3686
3687
3688
3702
3703
3704
3705
3706
3708
3709
3710
3711
3712
3728
3729
3730
3731
3732
3734
3735
3736
3737
3738
3753
3754
3755
3756
3757
3759
3760
3761
3762
3763
3778
3779
3780
3781
3782
3784
3785
3786
3787
3788
3804
3805
3806
3807
3810
3811
3812
3813
3814
3828
3829
3830
3831
3832
3835
3836
3837
3838
3839
3854
3855
3856
3857
3858
3861
3862
3863
3864
3879
3880
3881
3882
3883
3885
3886
3887
3888
3889
3890
3904
3905
3906
3907
3908
3910
3911
3912
3913
3914
3915
3929
3930
3931
3932
3933
3934
3936
3937
3938
3939
3940
3954
3955
3956
3957
3958
3959
3960
3961
3962
3963
3964
3965
3980
3981
3982
3983
3984
3986
3987
3988
3989
3990
4005
4006
4007
4008
4009
4010
4011
4012
4013
4014
4015
4016
4031
4032
4033
4034
4035
4036
4037
4038
4039
4040
4041
4056
4057
4058
4059
4061
4062
4063
4064
4065
4066
4080
4081
4082
4083
4084
4085
4087
4088
4089
4090
4091
4092
4107
4108
4109
4110
4113
4114
4115
4116
4131
4132
4133
4134
4135
4137
4138
4139
4140
4141
4142
4157
4158
4159
4160
4161
4163
4164
4165
4166
4167
4168
4182
4183
4184
4185
4189
4190
4191
4192
4207
4208
4209
4210
4211
4213
4214
4215
4216
4217
4233
4234
4235
4236
4237
4239
4240
4241
4242
4243
4258
4259
4260
4261
4262
4264
4265
4266
4267
4268
4284
4285
4286
4287
4288
4289
4290
4291
4292
4293
4294
4309
4310
4311
4312
4315
4316
4317
4318
4319
4333
4334
4335
4336
4337
4338
4339
4340
4341
4342
4343
4344
4358
4359
4360
4361
4362
4363
4365
4366
4367
4368
4369
4370
4384
4385
4386
4387
4388
4390
4391
4392
4393
4394
4410
4411
4412
4413
4414
4415
4416
4417
4418
4419
4420
4434
4435
4436
4437
4438
4439
4441
4442
4443
4444
4445
4460
4461
4462
4463
4464
4466
4467
4468
4469
4470
4485
4486
4487
4488
4489
4491
4492
4493
4494
4495
4496
4510
4511
4512
4513
4514
4516
4517
4518
4519
4520
4535
4536
4537
4538
4539
4542
4543
4544
4545
4546
4559
4560
4561
4562
4563
4564
4565
4568
4569
4570
4571
4586
4587
4588
4589
4590
4592
4593
4594
4595
4596
4611
4612
4613
4614
4615
4617
4618
4619
4620
4621
4622
4636
4637
4638
4639
4640
4641
4643
4644
4645
4646
4647
4662
4663
4664
4665
4667
4668
4669
4670
4671
4672
4687
4688
4689
4690
4691
4693
4694
4695
4696
4697
4712
4713
4714
4715
4716
4718
4719
4720
4721
4722
4737
4738
4739
4740
4741
4742
4743
4744
4745
4746
4747
4748
4763
4764
4765
4766
4767
4769
4770
4771
4772
4773
4788
4789
4790
4791
4792
4794
4795
4796
4797
4798
4799
4813
4814
4815
4816
4817
4819
4820
4821
4822
4823
4824
4838
4839
4840
4841
4842
4845
4846
4847
4848
4849
4864
4865
4866
4867
4870
4871
4872
4873
4874
4888
4889
4890
4891
4892
4893
4894
4895
4896
4897
4898
4899
4914
4915
4916
4917
4918
4919
4921
4922
4923
4924
4939
4940
4941
4942
4943
4946
4947
4948
4949
4950
4965
4966
4967
4968
4969
4971
4972
4973
4974
4990
4991
4992
4993
4994
4996
4997
4998
4999
5000
5015
5016
5017
5018
5019
5021
5022
5023
5024
5025
5026
5041
5042
5043
5044
5047
5048
5049
5050
5051
5065
5066
5067
5068
5069
5072
5073
5074
5075
5076
5091
5092
5093
5094
5095
5097
5098
5099
5100
5101
5116
5117
5118
5119
5120
5121
5123
5124
5125
5126
5142
5143
5144
5145
5148
5149
5150
5151
5167
5168
5169
5170
5171
5173
5174
5175
5176
5177
5192
5193
5194
5195
5196
5198
5199
5200
5201
5202
5216
5217
5218
5219
5220
5221
5224
5225
5226
5227
5228
5242
5243
5244
5245
5246
5248
5249
5250
5251
5252
5253
5267
5268
5269
5270
5271
5272
5274
5275
5276
5277
5278
5292
5293
5294
5295
5296
5297
5299
5300
5301
5302
5303
5319
5320
5321
5322
5324
5325
5326
5327
5328
5343
5344
5345
5346
5347
5349
5350
5351
5352
5353
5368
5369
5370
5371
5372
5373
5374
5375
5376
5377
5378
5379
5394
5395
5396
5397
5398
5400
5401
5402
5403
5404
5419
5420
5421
5422
5423
5426
5427
5428
5429
5444
5445
5446
5447
5449
5451
5452
5453
5454
5455
5469
5470
5471
5472
5473
5474
5476
5477
5478
5479
5480
5495
5496
5497
5498
5499
5501
5502
5503
5504
5505
5520
5521
5522
5523
5524
5526
5527
5528
5529
5530
5531
5545
5546
5547
5548
5549
5552
5553
5554
5555
5556
5570
5571
5572
5573
5574
5577
5578
5579
5580
5581
5595
5596
5597
5598
5599
5600
5601
5602
5603
5604
5605
5622
5623
5624
5625
5627
5628
5629
5630
5631
5645
5646
5647
5648
5649
5650
5652
5653
5654
5655
5656
5657
5671
5672
5673
5674
5675
5676
5678
5679
5680
5681
5682
5697
5698
5699
5700
5703
5704
5705
5706
5707
5721
5722
5723
5724
5725
5728
5729
5730
5731
5732
5733
5747
5748
5749
5750
5751
5754
5755
5756
5757
5758
5772
5773
5774
5775
5776
5779
5780
5781
5782
5783
5798
5799
5800
5801
5802
5804
5805
5806
5807
5808
5809
5823
5824
5825
5826
5827
5830
5831
5832
5833
5834
5848
5849
5850
5851
5852
5853
5854
5855
5856
5857
5858
5873
5874
5875
5876
5877
5879
5880
5881
5882
5883
5884
5898
5899
5900
5901
5902
5905
5906
5907
5908
5909
5910
5923
5924
5925
5926
5927
5928
5930
5931
5932
5933
5934
5935
5950
5951
5952
5953
5954
5955
5956
5957
5958
5959
5960
5975
5976
5977
5978
5980
5981
5982
5983
5984
5985
6000
6001
6002
6003
6005
6006
6007
6008
6009
6010
6025
6026
6027
6028
6029
6031
6032
6033
6034
6035
6049
6051
6052
6053
6054
6057
6058
6059
6060
6061
6074
6076
6077
6078
6079
6080
6082
6083
6084
6085
6100
6101
6102
6103
6104
6107
6108
6109
6110
6111
6126
6127
6128
6129
6130
6133
6134
6135
6136
6151
6152
6153
6154
6156
6158
6159
6160
6161
6177
6178
6179
6180
6182
6183
6184
6185
6186
6187
6202
6203
6204
6205
6206
6207
6208
6209
6210
6211
6212
6227
6228
6229
6230
6231
6232
6233
6234
6235
6236
6237
6238
6253
6254
6255
6256
6257
6259
6260
6261
6262
6263
6277
6278
6279
6280
6281
6284
6285
6286
6287
6303
6304
6305
6306
6309
6310
6311
6312
6313
6328
6329
6330
6331
6332
6334
6335
6336
6337
6338
6353
6354
6355
6356
6357
6360
6361
6362
6363
6378
6379
6380
6381
6382
6385
6386
6387
6388
6389
6405
6406
6407
6411
6412
6413
6414
6429
6430
6431
6432
6433
6435
6436
6437
6438
6439
6440
6454
6455
6456
6457
6458
6460
6461
6462
6463
6464
6465
6478
6479
6480
6481
6482
6483
6486
6487
6488
6489
6505
6506
6507
6508
6511
6512
6513
6514
6515
6530
6531
6532
6533
6537
6538
6539
6540
6555
6556
6557
6558
6560
6561
6562
6563
6564
6565
6580
6581
6582
6583
6584
6586
6587
6588
6589
6590
6605
6606
6607
6608
6609
6612
6613
6614
6615
6632
6633
6634
6637
6638
6639
6640
6641
6642
6656
6657
6658
6659
6662
6663
6664
6665
6666
6667
6682
6683
6684
6685
6689
6690
6691
6706
6707
6708
6709
6710
6711
6713
6714
6715
6716
6732
6733
6734
6735
6736
6738
6739
6740
6741
6757
6758
6759
6760
6762
6763
6764
6765
6766
6768
6782
6783
6784
6785
6786
6789
6790
6791
6792
6808
6809
6810
6811
6812
6814
6815
6816
6817
6818
6833
6834
6835
6836
6837
6840
6841
6842
6843
6858
6859
6860
6861
6862
6865
6866
6867
6868
6884
6885
6886
6887
6889
6890
6891
6892
6893
6908
6909
6910
6911
6912
6916
6917
6918
6934
6935
6936
6937
6938
6940
6941
6942
6943
6944
6959
6960
6961
6962
6963
6964
6966
6967
6968
6969
6985
6986
6987
6988
6991
6992
6993
6994
7008
7009
7010
7011
7012
7013
7016
7017
7018
7019
7020
7034
7035
7036
7037
7038
7039
7041
7042
7043
7044
7045
7060
7061
7062
7063
7066
7067
7068
7069
7070
7072
7086
7087
7088
7089
7091
7092
7093
7094
7095
7110
7111
7112
7113
7114
7115
7116
7117
7118
7119
7120
7136
7137
7138
7139
7140
7142
7143
7144
7145
7161
7162
7163
7164
7167
7168
7169
7170
7171
7187
7188
7189
7190
7191
7192
7193
7194
7195
7196
7211
7212
7213
7214
7215
7218
7219
7220
7221
7237
7238
7239
7240
7243
7244
7245
7246
7247
7262
7263
7264
7265
7266
7268
7269
7270
7271
7272
7273
7287
7288
7289
7290
7291
7294
7295
7296
7297
7313
7314
7315
7316
7319
7320
7321
7322
7338
7339
7340
7341
7343
7344
7345
7346
7347
7348
7363
7364
7365
7366
7367
7370
7371
7372
7373
7389
7390
7391
7394
7395
7396
7397
7398
7413
7414
7415
7416
7417
7418
7419
7420
7421
7422
7423
7424
7438
7439
7440
7441
7442
7443
7445
7446
7447
7448
7449
7464
7465
7466
7467
7468
7470
7471
7472
7473
7474
7490
7491
7492
7493
7496
7497
7498
7499
7515
7516
7517
7518
7521
7522
7523
7524
7540
7541
7542
7543
7544
7547
7548
7549
7550
7566
7567
7568
7569
7570
7572
7573
7574
7590
7591
7592
7593
7596
7597
7598
7599
7600
7615
7616
7617
7618
7619
7622
7623
7624
7625
7641
7642
7643
7644
7647
7648
7649
7650
7667
7668
7669
7670
7672
7673
7674
7675
7676
7691
7692
7693
7694
7695
7696
7698
7699
7700
7701
7702
7703
7716
7717
7718
7719
7720
7723
7724
7725
7742
7743
7744
7745
7746
7748
7749
7750
7751
7752
7768
7769
7770
7773
7774
7775
7776
7777
7792
7793
7794
7795
7796
7799
7800
7801
7802
7817
7818
7819
7820
7821
7824
7825
7826
7827
7842
7843
7844
7845
7846
7849
7850
7851
7852
7853
7868
7869
7870
7871
7872
7873
7874
7875
7876
7877
7878
7893
7894
7895
7896
7899
7900
7901
7902
7903
7919
7920
7921
7922
7924
7925
7926
7927
7928
7944
7945
7946
7947
7949
7950
7951
7952
7953
7969
7970
7971
7972
7975
7976
7977
7978
7979
7994
7995
7996
7997
7998
8001
8002
8003
8005
8019
8020
8021
8022
8023
8026
8027
8028
8029
8030
8045
8046
8047
8048
8052
8053
8054
8070
8071
8072
8073
8074
8076
8077
8078
8079
8080
8096
8097
8098
8099
8100
8102
8103
8104
8120
8121
8122
8123
8124
8127
8128
8129
8130
8131
8145
8146
8147
8148
8149
8152
8153
8154
8155
8171
8172
8173
8174
8178
8179
8180
8188
8189
8190
8191
